10.858452468834598
11.017836321791286
11.470313333837515
11.915356654440306
11.294870640762822
9.796610757642856
9.608840967458548
11.507648013814766
9.3958382553941
10.016478741986425
13.33862160042237
12.629691537272427
12.449081267194716
8.85291704594657
14.130467729064055
10.73531494737455
12.156487393048875
10.804600722287205
9.738229125164578
14.367943109529927
8.778823722342384
10.599840130676156
9.264495650327582
10.267623916602616
9.631860589835288
12.781295379454818
8.861307056807346
8.098501890863616
10.00875697673841
11.419762336796804
10.311608791321225
9.7873513217064
11.55066446068075
11.040329013774727
10.332298847786529
8.557504650421848
10.607538869897336
9.50629443534955
11.839706173796035
10.77791223767815
9.420528660778313
9.055756320856391
11.458343179871294
11.97954180784794
8.783906216794705
10.769793482222632
11.259994522310517
11.152225564814861
9.062357243545236
12.403396367573446
