1232.1531013224348
3153.454806105323
2858.324665873315
2387.656469275787
1697.9602534544867
591.0481450973674
3484.6144611395716
290.7920102652169
347.51440167159427
826.7997978330649
3045.012762889247
520.7341812035884
2595.6929114373747
1189.2405904159414
702.2405073637628
324.64296206057236
1623.756588384923
563.739164560811
908.1143431054954
846.8122411423072
1287.9978408917295
459.5764932779692
566.7921086022819
3388.9668989162587
279.25467785940174
2154.5840745405953
476.49116791026483
1816.9975979916096
1434.216386867127
193.164247741019
1322.7091868919267
391.96086043091935
254.3848540163822
4267.438592333831
1512.5897175394198
7981.875861694036
600.0766962595409
861.260579764409
509.49052604837743
351.11967763661954
2361.4153427344795
447.3581894177865
2850.216304627994
914.247106350991
1498.1408624715536
1824.7138598759495
1236.5697357626796
1276.4114007228816
988.6110431024006
1876.189870970338
