37.855482977709244
66.37936572820024
61.70561732319794
25.077133893958575
27.031777220669767
33.83316411139674
50.96530398051152
22.057842239901532
30.17308910534186
40.05191042598159
42.005756771916424
32.85442706547849
43.174662240714156
29.113943323735555
36.870115505038655
31.855670573610553
22.31231742742625
39.19129554709622
30.89808983737248
26.878189998010583
23.951746323206066
64.80692278428577
58.88420915363966
37.13657238615406
60.09846690540928
42.865461391618226
46.7686367600607
35.102042352428214
19.23735781444219
21.14422099266602
26.018766493317685
33.84609379604302
22.988223655062285
56.94304157457748
50.75257435304431
42.143096264062905
54.74898908530085
69.87033481573542
56.304122573280466
34.8532307433791
58.74719670338621
40.97885223319733
37.60906008055605
48.21723985461287
31.065720947128113
37.374954626516654
34.9792041679855
40.87480448914826
41.31926263349783
26.078346597479396
