23.878975234843054
5.969754776817709
26.863846884522843
14.924453591644877
20.894105984719573
17.918490991825948
22.88401562726696
12.934486115037316
11.939508095647383
32.833556561824764
15.931259099395277
29.848701712050143
16.914289621929584
12.937635353759376
39.79826140318956
14.924375668952962
11.93954450871172
13.929417918425386
20.89411549149061
10.944540952542127
23.878975120578886
10.944915806346998
13.929418024132872
13.929396571587247
38.80363635579317
12.934481115550113
8.954626476970788
28.853762945727865
21.889230584775163
23.878992577314676
16.9143117875267
16.91429089504787
16.914518638319834
19.899419162203245
17.90929053672363
16.914291138250064
19.899143263624552
9.950164767997649
8.954726479872875
17.909231624070415
15.919728225446235
8.954621517314536
19.899164446310593
15.919358712573512
16.914291815486592
24.873912231516712
11.939572568232691
6.964708436143269
40.811864790340806
11.939504778156177
