5.381522925238464
3.2227513885282204
4.9895067562142685
3.40443423552922
4.774983132871618
3.5742397556313574
4.662398662805646
2.3168617689322173
3.7343678561780647
4.029303816965243
5.288098076110547
4.7791236366450285
5.092157722983334
9.250535787479706
3.734203052026644
1.6462551259172362
3.404158350490303
5.562337732633434
3.734367866978705
4.298440549784171
3.8857582717497796
5.649588329771262
3.404164834101302
6.351887806186323
2.8135970178548075
8.192131366988061
1.1561999259575768
3.5743805365508696
3.4041597430026624
3.026594276699328
8.774520251596782
0.0019622868834479057
3.5742396819736553
3.88579202420441
3.2223824487009236
4.9895148404955165
2.815114004353408
10.64502376314429
9.145368354382152
4.662244208459001
3.026594293564337
4.424660226448339
4.884274302411082
2.01331535356027
4.426208290112914
4.545678192738457
1.1553669436208662
7.564131157808147
5.381801140136975
9.485786743544555
