9.949585535388053
5.9697743366693174
4.974895326359658
15.91931322335391
21.89040588412962
13.929418023451419
12.934457897153521
9.949586437541626
33.830744322201895
11.939519810387537
25.868895930879305
22.884017975542577
11.939498611910722
11.940618299344905
19.899161390531006
12.934457676154366
21.889059403885284
10.944539584299378
12.934668557062423
7.959715253984541
19.90060213919881
17.90926295860335
13.929397637617555
12.934439611908715
16.914289905340837
4.974795287493464
10.944551070861564
4.974808198242954
21.889057818314342
35.81844591117344
9.95059369712834
17.90925885290875
11.939982775061111
18.90418207343346
9.949626402896612
27.85878802135943
15.91933847111278
26.863994245922555
12.934662732944659
20.052634880350084
10.944550601497
9.949923067031136
12.941928266304487
12.934463324998646
44.773096457103605
18.904229944551318
10.944546969538152
9.949660154242494
14.924426492708164
19.899161588494223
