303.43346101532296
90.58610604716758
231.16324864891482
24.44328679399766
158.32562398142784
46.79874097994365
156.6410606376005
116.75792962091916
237.1953357930748
172.51511664732723
1388.4188854365163
273.93089937559597
442.7324009617435
147.6966060425387
520.8639113890174
122.3903707981769
155.3227849712111
2883.0304481446437
192.40728499901667
96.31988317018029
135.0626738836851
748.3322803353914
144.32593563601733
76.41952729070371
649.2480562672572
1873.7023772634643
737.4620954469832
349.422323803461
44.538805994567376
125.85836759767477
149.78431729138225
203.2819167728367
74.67122143251629
496.94366095649485
74.5778950283222
103.14269897208123
277.4628745975589
155.43841557559327
173.5821646954689
123.2374916938167
316.00495480053513
179.65329617099857
81.60744447473493
53.71892366843255
15.584389789435157
2.141234302121333
462.0618560820914
70.33913125249349
98.13038273130624
74.86664075299988
