0.45021221045990933
0.8012086326712213
0.46748253334378986
1.9914780386234616
1.2361832060669278
0.06891037922667664
1.6834324917026957
0.3322228082346208
0.8309466636603241
0.4918812521030683
1.2069810827238332
1.2829936760588834
0.5860677783641506
0.12304642358235451
0.27053401995286475
0.8385365018290515
0.6179553743694018
3.669500674556648
0.29982578291743955
0.17048760110151884
0.6124638011497437
0.8614850135167933
0.7315020182748003
1.0527830112046686
0.6349696767335675
0.1700869942528742
0.9661012516806865
1.3198514577360736
0.31807575830632984
0.18462619537453773
0.12571654219267292
0.652756402702612
0.07379052260708663
0.061026162738517575
0.3963180469518961
0.3689521501511088
0.24677419806227607
0.6489079121214465
0.9461525482793653
0.7484767094034933
0.37380330314889476
0.2514671573644611
0.24095064760270213
0.28054805599648747
1.0543970945481758
0.4209131381627307
0.5241532131147536
0.2971943657177447
0.0787965554638721
0.0394579906767899
