-19.027284198591445
-19.668753209411598
-18.692569719937616
-20.63217524603355
-23.054304188426098
-18.18775174547509
-21.001320683303273
-17.81330655349373
-21.829131294117413
-16.861304245247485
-21.49146856731228
-17.232212965510428
-18.342221636186416
-17.70127318534197
-20.86998785588637
-20.65104771041511
-20.889150128663655
-21.536275224097608
-21.85903045007846
-16.65183228565424
-17.612251126709538
-19.874418484983323
-18.328150906173818
-18.499337062620597
-18.384122780744203
-15.006755804858095
-16.931909431998637
-20.126416085169566
-20.569169494058407
-17.64837762884719
-17.216145621594848
-13.772219991975238
-17.64691559093402
-18.358456066005715
-19.971514872846928
-16.564307748378777
-23.054973833563558
-20.832477945122996
-17.267062525496943
-18.535819544655954
-19.19076213644715
-19.03047717218447
-18.04632754588485
-19.918026858312807
-17.288529213303153
-17.41082723474682
-21.30763462722412
-22.076468395470393
-18.785595677258147
-24.2053746039329
