9.14456230385791
5.14237040473065
74.81179790057365
6.099375762916919
0.41130112207657693
9.91717336656922
3.72410980856624
7.311556047508306
5.454963332491202
64.88161279277416
4.438153594018969
0.8999072589337461
145.8096956025544
1.211338570098588
9.583155814283902
4.162592894985428
5.882723677311403
64.92136569467503
8.293908114349687
12.464559704579193
0.6642497153553995
9.601352854900068
7.540706716713449
2.522589266420978
0.1681998518724393
71.24180633101913
3.8293525992556807
8.447052737302265
0.1250909177010188
1.5590350139124571
4.184559306980861
7.869864905672384
2.990254269458104
6.3386960906952154
4.400416199995278
4.36807809742829
5.261759207649237
2.330778260008397
6.494132007410159
6.699031952677181
299.85019230604235
5.487055120130433
82.78643328553144
20.56380929358931
0.32721919052986914
0.4619555339982897
66.07336254240869
75.36348745636457
12.559316967629588
8.656504898631798
