24.97441404722943
37.75403406903723
41.83780680458548
25.30917318552639
26.530247518295653
24.951293255590684
31.176005181306408
28.70062248557835
27.009567068175954
21.30204492884198
35.96093552427854
44.774080803874284
35.33850904749198
36.81530841735767
34.21047534955483
23.06116059452259
37.827199998539896
28.92562533383051
59.17573942771867
34.90384371275627
45.742814582390196
46.76795317544841
45.86447144559497
33.91660020074809
35.85995040588526
29.92358801675266
33.853893535960566
26.98068402972899
24.130392466521016
17.916036376126698
31.917297474499804
29.386952103961363
43.22033925570818
15.069256208073995
55.77154354154135
32.87748649984303
36.86568697296019
52.14487755739202
40.87436119384151
59.307239959842406
19.229570146914625
24.05781201081558
42.80857674075148
23.884340694615844
40.12014899574157
12.238783416783804
33.82911659547656
19.173042181154273
53.752036047486484
40.80345374267651
