-191.1928019645975
-205.1610760154931
-66.40197837901803
-206.83173425428504
-191.7898807328179
-194.85419818776836
-191.682672037658
-160.8232045542802
-179.327901036203
-199.22807477475135
-206.1137396125223
-69.88115702534316
-112.55209240911063
-208.47875322141044
-201.42057045379715
-108.07122064208022
-209.70509122003932
-124.74833589051559
80.29709587213185
-164.7071793268933
-122.4250481279031
-207.9325107985137
-100.633283810531
-168.91067572769248
-135.66186590856591
-172.90907597211321
-180.43776659766354
-172.0141164501838
-184.12463329005413
-209.95780476975597
-167.07600423845383
-208.48040996882173
-145.44278114188705
-190.06700503694265
-96.8108426491716
-176.5835696846525
-183.91597864728465
-201.78773905080607
-204.62901598004055
-178.5550442142353
-82.4915821869431
-57.95696078132843
-153.11567924978567
-185.9585029687414
-209.96886353493937
-168.35669959874372
-6.803361044802159
-125.21365353629938
-165.09649581143913
-204.22906071503667
