-363.3882179963433
-335.1147791987937
-363.3878813462312
-320.9780571374755
-335.114757821838
-363.3881997006085
-349.2505430329783
-320.97806178900106
-335.1147653560503
-320.9780612937873
-335.1147808402637
-335.11474186571246
-335.1146431291391
-377.5249368943504
-335.11478066952054
-335.11469447881285
-320.9779559091539
-335.114780727815
-320.9777966787632
-335.11477872242693
-363.38821857980736
-320.9779607148379
-335.1142609495219
-349.25034355208356
-363.38821886385114
-306.8383305857601
-306.8413376616334
-306.8372401166905
-349.2514986372457
-363.38820846823546
-349.2405210521419
-349.25098513669855
-349.2514998123383
-335.1147367369388
-377.52491792176687
-377.52458571823956
-335.1147808437092
-349.2514987549217
-377.5246839439547
-320.9780010826995
-306.8413425628055
-377.52493785485257
-377.52471429135204
-306.84133465699585
-363.38812196834544
-349.251477436823
-320.9712039615239
-363.3876628788118
-320.9779894091569
-363.38821876279553
