-6059.7499445811445
-7078.211286806661
-7542.833652702677
-7931.510960584929
-7596.054408118974
-6959.2016996774755
-7677.286581919457
-6805.785732136415
-6839.225083248506
-7144.0880434378905
-6126.834130199462
-8137.500902848507
-8146.749551314493
-7071.799048855255
-6668.909307504537
-6351.698281697761
-5649.183632962118
-5749.36237370955
-6119.511784541617
-7784.101641040282
-6347.902901674927
-7123.427902700354
-7114.623860165283
-5986.3271798025935
-6135.045861823901
-7737.870429241267
-7363.62380017481
-7156.123605135421
-7406.588336236116
-7246.284290005087
-6641.729052201433
-6477.317476709315
-7893.686409053395
-7250.494141801901
-7751.367317304121
-8519.050914639338
-5705.111602393475
-6501.507227428781
-6697.140819634665
-7157.920147665115
-7639.422606316677
-7639.611851356234
-5905.101624984923
-8386.443334094924
-6650.969683381147
-7527.291759660966
-7448.6102799455175
-7608.899274016506
-6767.899764727685
-6640.385828571289
