0.0004337086510466929
0.0005623474373257368
1.0383451920582235e-05
0.019334547730067462
7.805869968013393e-05
0.0001277262438167342
0.00018288566049973887
3.596109101485468e-05
8.080899635548431e-08
0.000608178678662473
5.6294988851539565e-05
1.191590547277751e-07
2.9126159593572855e-06
7.692952370094025e-06
2.611151118639643e-06
0.03447537411209728
0.03322816539672347
5.363721980991373e-05
1.4229381549537403e-05
0.0003726525595702872
3.1896216062346136e-05
1.844157053593097e-05
6.079268275624739
0.0004862943255077501
0.0002575128693064728
0.00013425548531772907
6.112870526144487e-05
4.800882776440953e-06
0.051645466748072515
3.5912709093730366e-05
0.006817318745447715
0.0001604620028082948
5.7998652454653706e-08
0.0027824544429047937
0.033207116846980744
0.0006430650944886208
0.0001887452681798289
0.0001112355855298617
0.00012056536247657292
1.2600031569920536e-05
0.05659879838227908
0.00024273230234876788
6.1159421583199e-08
0.0006353309520056886
2.9899634959966224e-05
2.2635735913750027e-08
0.0005218295922354608
0.004930334267928955
0.4270596461794027
0.005067503046643693
