-12.596247392094284
-14.376585823146474
-15.456243672489473
-14.890986128209862
-13.426498785728215
-14.223534292965597
-14.61308939952381
-13.025809548614918
-16.751655062879532
-14.170435471061701
-13.367176278717773
-13.205027922953128
-13.143556307549412
-14.298194238597217
-12.903853347757074
-13.401007536727189
-16.213724954297895
-13.171510582851926
-13.380121109961069
-13.65392087819103
-13.50832366629954
-12.28200496746874
-13.23417889842603
-14.485262930297443
-12.316170562074557
-15.424196257665832
-15.532080289856895
-16.92363206997486
-15.773668585083145
-15.675081232464489
-15.511735577101238
-14.851224640792921
-14.267087010318756
-11.299534929205798
-11.299901687231653
-15.525157296537952
-9.809802434382778
-15.454975547177272
-12.895736144679871
-11.965275349975736
-12.146964838496494
-13.352150192900417
-10.338281855284084
-10.991822259447748
-13.255632732047175
-12.103863660057675
-15.389330178149335
-11.668041670072139
-12.46365878132278
-12.851184355470247
