-1023.5276783336395
-1013.0509561162839
-1026.5469462639162
-935.8225565704315
-943.1757395783259
-957.5092422818643
-1005.0589406717003
-1055.9962521446942
-1016.1160884968558
-932.3624824772962
-996.0614049384062
-917.4735386738447
-989.5322323367411
-924.0769294251022
-1003.2891396245548
-925.3447848140232
-1012.6431810040013
-966.7165286320422
-975.0586279469337
-981.8013094315315
-933.6810652736812
-953.7305620754936
-931.6603508217183
-1017.915004299402
-991.6206860316329
-894.4293655707825
-1000.268708735004
-959.0112739386082
-893.0128425229274
-969.6729222361982
-971.7788185698089
-1033.935887457994
-961.1481608433993
-953.733444255565
-1000.0586717519272
-958.3251900721882
-905.193832508777
-891.4315078693
-953.7803521468649
-954.8865050665378
-910.5373334965868
-1023.5139793868044
-1007.1977508583597
-893.0969946082084
-951.3672865997986
-964.5914692852054
-938.8980049337421
-905.9118903604611
-962.2706125627349
-958.4993331087662
