9.505033426822399
9.21886046249422
7.119777911575856
6.560849973945466
8.846841330029182
11.574310982122515
12.030349202824658
4.997211553229274
10.614630000677668
7.011514213523387
7.744890665038195
10.45206653737554
11.947049031477563
4.783604512544418
8.700214350394559
9.453210024653323
6.2663175124738295
12.543026064787194
10.832202127515144
8.626137368036778
13.885131257436667
10.897834074854712
9.401022339383424
7.462935284418293
14.267624098245284
11.451915246316995
10.766611897784575
5.900413373483023
7.448778101232785
6.820562785719341
6.3980430564745525
3.4047031733445547
11.516470691682587
11.319080745738468
8.23529228343397
8.034658436138482
6.788620206276413
10.99616722067037
9.056653203938172
5.16226483855581
11.252468938953374
4.235706639334861
7.8685028126086
5.385480933452563
4.834992031790009
7.21211432505606
11.41186691196932
8.32196266459071
10.510908851654962
8.576038949470389
