149.484166066172
62.15208352386044
6.190612130941803
19.17730534500571
32.59865832219222
6.001027451974662
22.30156441666362
133.4815049871422
44.71773823170845
44.070142254694375
2.3913714286060936
30.19686244034005
354.6800166438024
34.93692403656967
30.48817655318298
21.84557637649737
64.47280435915269
20.164284676368954
21.879458740165866
2.4437629004564845
30.15575714777696
6.865009550304453
1.4639065971234453
5.0006239320346175
3.0799654235825744
56.835014783603995
2.50129600556372
11.780430036794172
33.0986105975909
17.89411657701991
4.979302275332119
78.44792841681243
70.46525234772106
52.67651215751342
12.97815940929253
21.451547385492574
11.913073517520184
60.26762828532394
11.225513104948652
20.29278277897271
41.84707604941999
15.67712390902211
22.683999329963463
26.764658603351034
10.897244443417241
14.86436512683321
36.46621534119197
2.043494437516121
23.179877399567754
42.48857747927179
