-8.714821767985649
-9.298741156536293
-7.2271586068332825
-6.145510935908563
-9.120933063656397
-8.651959337106677
-6.737282087244539
-8.070809980002124
-7.587036306614234
-7.2403814758535745
-8.012059756525405
-7.968043087934246
-8.945591256971662
-5.398741286978405
-8.081286252730624
-9.478856501708423
-6.122412669836526
-8.041246763237732
-7.181441687747854
-8.008305280333664
-8.96890233976314
-7.947607912824285
-7.97896264831517
-8.536372933609616
-6.107349930082437
-6.984789379574724
-8.04085900908852
-9.098495820729031
-7.335436398469303
-6.488416613059255
-6.7821805180072845
-8.144567096772867
-8.149371593896902
-6.656490005441632
-7.133132831834055
-8.547217493143096
-9.15405548045827
-7.21921253117149
-8.13582759222875
-7.755985744110778
-5.916304415781564
-8.79644030509908
-9.02153436162996
-7.404443943350118
-9.301843263517158
-6.284829170740767
-7.539774728502229
-7.685290259289574
-8.24762258135416
-5.267511191746638
