7.301838057148019
0.9151073008433418
1.0845013063039943
4.270183949211963
2.0388760358257345
10.905974686863642
1.786665767748214
4.788298848718842
2.9396900042273484
4.358449070164062
4.877359961006341
1.9831620800175633
3.240564198800795
5.75095331439113
2.2682993073006186
0.5530186189487106
3.7583822419952666
1.356997780039203
3.08614811755382
1.2669810212088792
3.451252582639677
6.396690605608101
4.9666005469745835
3.605282986797318
8.162316450521862
1.8446199553219589
4.505406982888522
7.614174128020023
1.1709121108243052
6.980636054559289
2.060218506255327
10.285204651901484
9.803648670736191
1.1983423308402328
1.1787025316682755
5.703825064318902
0.681741156225168
4.447739167649201
3.4223524639101406
7.730656367488126
0.908783843918726
3.19283552829044
8.531477084231955
5.471816271363813
1.5390791452477
0.9230087044773194
2.380081629006466
5.277325115471596
6.631292533964818
2.815459638449947
