7.8307792714364
1.578593185894962
1.1199917827816266
3.3673287449975846
3.598861741578137
4.511951583636038
0.07476069674686851
1.5789586815661003
0.2725298586857107
9.387499518335066
0.030953690899191203
8.232974850502503
0.45100336960526266
9.462128728490846
0.2221187800701322
1.6184316206474954
48.86666703757006
35.43215078235023
4.006157480271712
7.430155660576123
1.2868155152784537
2.3734316132123694
0.01703388414197759
6.1464802424282
0.6323324059497051
2.4909763120018287
0.037938994667774555
4.7618215422075165
15.965007234514635
0.30151994536929977
17.636995727611122
17.468032678012644
2.6926471555076583
10.61906100941489
0.45429169644305983
2.066983311896994
9.177810371028377
0.032691217861500144
0.7900797437182379
0.9342102324652047
0.1750528769671486
0.13283277190578557
18.9089258471734
0.23778542301504593
0.3426753026564323
6.872146736152436
0.04418253005742134
0.8673277804965502
0.26008136791148195
1.6726856749583716
