-2946.1782262764377
-2649.5753252953295
-2627.307457342494
-2630.2605879315056
-3439.6138715835027
-2492.1386127322753
-2630.3415335730983
-2984.0732597941533
-2826.1491641972216
-3163.3578511438836
-2255.2219659077314
-2827.746932926698
-2472.225950308747
-2847.3090421960396
-1978.4055118560157
-3084.2591548550545
-2628.7318877079033
-3022.148406662013
-3123.864663527629
-3262.0248514688737
-2708.7350066583913
-2729.0100090710994
-2077.5394693869553
-2926.36746446836
-3163.3338937800972
-2272.9352572279436
-3003.9066196102094
-2432.318393857997
-2886.8940306288305
-3064.646628169603
-2569.594471413899
-2097.2211356196835
-2709.102338022313
-3496.353382184744
-3104.035934071627
-2136.3347896481314
-2807.9290990533714
-2865.6422079854533
-2985.5647011583396
-3123.8555569513155
-2728.5611221958625
-3163.324903722585
-2965.827680480185
-2630.260503791153
-3183.0932149050373
-1939.3827627341561
-2449.487936729931
-2413.168942128523
-2452.668282578358
-3123.82847108958
