43.28295950367557
15.79908881877227
19.039488482585895
65.4756458930339
26.30562067029835
18.554406138137146
3.2463163739782543
20.986889637846694
23.808087973213137
6.9615291514918844
16.139394998017625
16.996384784016044
51.72623848737769
11.138971145629089
19.658204411107526
10.03477245778635
22.790311912721698
49.697375586771216
36.24424671707109
36.254249546399606
30.91881263779093
45.83377300938945
64.66504145599215
106.12527633787138
99.95968292602265
44.2664667283651
32.044661119696144
21.73402367869497
33.527882874145504
8.308514073785641
21.687620197591414
61.660643950513595
24.99343574010175
18.162454036137458
14.66465303649959
0.19883447372299012
44.72328858174808
22.63417518357149
13.707652527053094
14.58086329024535
33.91507994228156
39.76537378120303
24.55110807165438
10.730327721354312
14.382097220237693
2.38941694348141
34.08935851421253
22.42611248272056
49.544872666760234
107.12908522080436
