-349.2505004891468
-335.1147685418876
-335.1147808328514
-320.9774275478937
-363.38821755805714
-349.2513271211416
-349.2514494080507
-335.1147807070257
-363.3882189187516
-306.8392950082037
-335.1141648056448
-320.95026895397393
-320.9779101909255
-363.3881419915992
-306.83820909887663
-349.2339745856395
-349.2509576159992
-320.97792883572987
-349.2512134672078
-363.38820758840086
-377.5121089789381
-335.1147783939008
-363.38821870363046
-363.38631169695566
-335.11472621762374
-335.1125655184527
-363.3874795030963
-349.2514784487983
-363.3882113918861
-335.11309404880456
-349.25149981892076
-363.3879832956994
-363.38814865343
-349.2510289343693
-363.3882047851231
-377.52493332562005
-320.97737211695534
-363.3877835915315
-349.25145786724255
-335.1134128837282
-335.11478050747996
-320.978061793674
-349.251481845967
-320.9780617169359
-363.38815453177403
-334.9442438942282
-349.2514995358695
-349.09243092540447
-335.11477705307755
-335.11426298726724
