600.4172893057869
1304.3415866093394
2100.9410498241673
299.50341623186256
1615.6396198310294
4003.593872778149
1820.8025316909805
7464.706167897999
1224.3041259559727
1336.4834121692254
2240.0118949337234
514.7755056947913
639.2504326221884
786.43265392774
198.72178450165
1709.5383274913927
176.6468579298927
855.0408371604813
549.4002750835856
366.0537131649514
2130.962493368708
2594.078856072053
699.3463141020137
3079.9662910213656
336.36424151649
289.04810249415226
1129.5671905901188
577.34134630122
157.34626202355125
2288.878375559718
1502.2794008087062
1022.0173359857329
454.9041537483979
825.1368197601486
349.4666741588797
1740.2283429246015
213.20023589379716
5079.386505904506
3798.215930622811
1081.963969254056
2655.867723988707
2673.8583253391525
566.839061279352
599.5216802928969
1432.4418077504054
5125.9619218652515
1288.887836571231
4825.2445358319355
3155.3170804691454
434.4443292988825
