3.432052170146056
0.6333893732477308
0.26858476651126906
0.08952894600503954
3.5450238734206376
0.08952840913798912
0.5438705508766568
1.4663812557665413e-05
0.63338052315948
0.45432424119939174
0.2685848716545029
0.5438523020388886
2.579137549390678
3.445483502911174e-08
0.17927074067266435
0.08952935518463312
0.4543242383469538
0.9086546897499908
0.45433871153086314
2.8154522755195335
0.9981765610709243
1.4525005427505988
0.26858475139578186
2.8154614446825987
4.7950035665257005
0.7229123318727566
1.7043054871958367
0.5438523864638385
0.6333826097472756
0.543868299952821
0.2685847537519487
1.906803216043084
0.09024588750184276
0.17905663531303118
0.9086480373873144
6.634016234817084
0.17905681211288516
0.0895287849877113
0.2685847513204954
1.1527680969312248
0.5438522713083926
0.5438545226432958
0.08953143347426266
3.451729741773076
0.2685847512939167
0.08952828091744604
4.95022524623992
2.979042620141063
0.5438528267382855
4.608261446395588
