-11.489217922791795
-15.201253769215484
-13.083072286333982
-13.106062888953309
-17.025401441633086
-14.763571413862234
-12.898980534164483
-15.120282541204958
-15.107447452483193
-16.134541564108943
-13.640161172504945
-13.789269428240678
-13.00999048470346
-13.63427211056398
-12.832570560441676
-10.771532838285987
-13.299973945822186
-15.128362241707755
-10.304205753624943
-13.523422982357229
-14.366281322333462
-14.470113918828108
-12.291274159493437
-12.687650669474278
-13.507536710707587
-13.844065786146542
-14.677395578910174
-14.459372209579813
-13.006810193667372
-14.210312844485507
-14.201200137662514
-10.963620340438172
-14.032243585954125
-13.253723834276663
-15.987874941123378
-10.473965119007442
-12.024496067555397
-16.09244301706691
-13.779419561419335
-12.74900134083847
-14.402850653585737
-15.18732055578573
-13.403952657103144
-12.021344300237098
-13.739748207647427
-13.253470950715336
-14.596320390604008
-15.021978093277017
-12.45305636625607
-15.654443470206266
