-21.467927760197902
-19.342876296946642
-20.523377569557514
-22.707285258206475
-17.819137368147036
-16.574329848704142
-19.604342590895033
-20.11122212540725
-19.926580638565042
-20.28008284394302
-16.57199217511975
-19.535114751908406
-19.194278358985876
-17.862014104145196
-20.012985924475792
-18.70378355757785
-17.257967220495864
-18.77639466996055
-19.20992699335888
-15.56807240919198
-17.6871442266584
-22.222417781806328
-17.970418081606013
-18.308065774556194
-18.478946989874032
-18.382846233802745
-19.493190538907722
-20.93301697714124
-18.241157403685904
-21.696500641845642
-17.478000511901985
-22.272555673750126
-18.459205714293894
-20.161375737578304
-18.41099946369483
-20.70419916177961
-21.27147109354774
-19.06904389863981
-19.149470981104173
-14.886153905458725
-20.984575569323916
-17.877456488803688
-16.194417574851933
-19.514761197538114
-16.16991460525389
-16.24050386233375
-19.35939643995263
-21.463399400780354
-19.24515142730754
-17.342927582570514
