11.703969201025325
12.84167960295049
12.4490098398539
10.322469903876023
11.48862681372572
10.915663982376183
9.966445682731031
11.60770691686765
12.509366582262071
9.323537588068238
10.337651971225974
10.319331969131524
10.353306462106575
8.558898990015352
9.155913801473577
10.561906065337968
11.130959753863737
10.27614424031484
11.679653623174428
11.675669020048367
10.561751170078132
11.226202745855122
11.733111720857796
8.306636212659619
9.839087642051329
10.681592453118705
7.710437477130737
12.367248325509152
10.327396167572019
9.741554999930912
12.313639982913818
12.03746658683913
7.465460970376373
9.40839521623467
10.272400429307618
10.510758301777239
7.698644889396423
11.387502207226746
11.945406143722717
9.42241659261996
9.836325559444303
10.21453876343175
11.592997039502526
10.63606054701335
10.516004336620185
12.089075908080199
11.239287927642286
7.120219918859242
8.780647241983361
10.854587063057275
