-6335.022020229616
-7060.2231984576565
-6851.483955431177
-6965.375971794567
-7010.247039216015
-7447.9154795403265
-7869.190411371416
-8848.347494499494
-6500.955984228839
-7739.780225821649
-5821.219300517413
-6852.355086305721
-7085.525660104769
-6467.92327900558
-5333.260228264174
-7141.85830353332
-6019.504977016588
-7802.593709547949
-7382.384415878063
-6439.439218638018
-7547.380882948124
-5861.564509549356
-6092.153164767458
-6567.571176818225
-7026.65780293394
-6576.76373730649
-7014.160949614913
-7582.704161778656
-7126.537361862845
-6524.866538724243
-6560.650332797427
-5093.239463109388
-6502.989065045617
-6625.094657886863
-7590.728360516117
-6020.77550500417
-5380.5959419889605
-6070.549312080386
-6327.478708251598
-7545.313978636743
-7596.081252732905
-6533.627722233397
-7051.804670266781
-6477.469860855481
-7510.318633964091
-7131.139275112894
-7147.322684640859
-6770.400739876015
-6280.580210670355
-6435.008532612875
