0.6548348222522291
1.3195156733999214
1.577230606195298
1.1307729042094303
1.0020207876136784
1.413664212760349
1.8692458237496183
0.2999944852023744
1.2805102462854894
0.1327057585766931
0.9007776685275699
0.7509581869741262
1.0286751552484403
1.1823143710376176
1.3955387167204836
2.8602751825982975
1.093481450762606
0.48572620485896933
2.839589650212762
1.4465061036994125
1.0503124359951808
0.2972813602749673
1.090905881218784
1.2512113849921418
1.3050012222680245
1.3770114818199306
1.0928209397560185
1.0883882124047155
1.6017632293263602
0.7875995201962869
1.9085931970446939
0.5611372526966717
1.472647462730363
1.021945177661623
1.6210251179946957
2.5872080712161214
2.484338019974263
0.9035476917608027
1.117696097722302
1.0086989840413587
0.4159020718358426
1.1975440177642334
0.32273706135198643
0.34493470771430845
0.4561879265758302
0.73362730424592
0.503565140736228
1.1992172693906626
1.4480727926595791
0.35861342783604033
