0.31740706852447353
0.6966371020416997
0.2949847243463224
0.13048684147009937
1.1467749509053033
1.4609080711169244
0.37729807170938223
0.18210873996026
0.7847084423403952
0.7333645548071053
0.6564181715130178
1.475593940845668
4.552857304706849
0.15526907540082702
1.640274885072492
0.34946496615457523
0.5437500748817462
0.06656480808622867
0.3720875522183129
0.3593772628029652
0.23366409500996843
0.4569669199563866
0.9455014213391526
1.085634684772759
0.1697599686028337
0.5729842560352651
0.31940555514369695
0.09105449202158211
0.7726856959389975
0.5485976702689191
0.11327383845238126
1.4284175572732454
0.26340301474581185
1.128645234353442
0.38865413842867924
0.3075327427417589
1.6405539137937815
0.7308150578655231
0.23864184588055726
4.224975857315812
0.5171278647292793
0.8666975747963904
0.9681232422862532
0.9831664196372925
0.7476312140101293
1.7293497163581952
0.5981964134834006
0.9162189853222293
0.15255301977979718
0.22386395798534842
