-1087.8716351683931
-1025.278015210467
-1031.0556076012251
-998.5121910770529
-989.537642195691
-1014.2145543270432
-1010.4515998250832
-1028.2472685448424
-983.0155493102042
-959.802811803721
-980.4685556933777
-945.5009782114726
-978.5097014882219
-985.0749492455284
-992.1652862672681
-975.5681595951827
-1014.2931820243932
-986.3513148451909
-991.7866166224316
-1044.054552832619
-1003.2914173979162
-1027.3004651032545
-979.2054126035026
-947.3024744299639
-908.3819254064485
-965.354059978354
-908.3009691055614
-965.1106254248442
-976.1533056725011
-971.7965678807002
-1044.6042983860548
-1049.2692450333163
-1042.6734906202269
-1006.7048382979488
-953.4096889363806
-1040.0529294071187
-1007.9854138632153
-951.9539406032385
-893.7627537620884
-988.1978266147794
-961.8590182764933
-1017.9402459470562
-977.4399796977486
-950.6218169917915
-978.5955365908728
-974.5159252794423
-943.7372984412372
-942.0144281612347
-910.0934430982626
-956.4737470152147
