1.5420296292836204
0.7229098209014904
0.08952914454376669
0.2685847515578659
2.4506554546949157
0.08952898258083207
1.2499814818112243
0.5440796956891762
2.2526931278007316
1.5175726996952017
0.5438522799392194
0.9983134042591637
0.9981767468560088
0.08998608653585398
0.9981763322287658
0.08952965967467444
0.08952825043169492
0.4543300988698092
0.08952856953973282
0.5438524302107155
0.09226726059684374
0.998199433570854
0.6337603701624505
0.08988138360485291
2.2716009208632726
0.6333840074003079
1.4526105874238968
3.9993464339334603
0.5438533949792623
0.5438531557142382
0.8124370215152983
0.4553142802290763
0.08953063913398854
0.17905661694383204
4.5431991680812605
0.6333805279808066
0.08952866580091409
1.8172749184494974
0.08953049379441545
2.582384574327104
0.1790565019310018
1.8172754034345262
0.2688782881218357
0.08952825547674172
0.5438523307344042
0.08953953423524029
4.973057277034752
0.8124391887666893
2.4506559678335185
2.8154538223481542
