-681.4578923728177
-653.5519428547677
-627.657819267791
-655.3758447068981
-668.4217344528981
-684.0845248379951
-641.947492025552
-654.8593903129441
-712.034073443053
-616.0666710556848
-670.0976659182203
-641.8832886680316
-698.0347686655213
-638.793110563113
-654.1549614361666
-627.6530745611451
-649.0064355838965
-655.8577253481776
-655.681278332938
-712.3274480366426
-655.6544206437936
-712.3771800493919
-697.7505427968467
-712.5239956800388
-626.6543463755359
-655.9738577415606
-655.8340267635709
-681.9187805131224
-641.7971826233805
-712.3669791261538
-664.3288894391192
-697.1920574110135
-669.8888499644434
-664.8911232873212
-655.5889585161085
-641.1861233862046
-641.9297239394316
-666.810309626224
-698.3391669595534
-684.3129440050296
-627.67511394545
-627.410152004263
-576.8579253636482
-652.7075248101191
-698.4895382836008
-653.423129804461
-684.3084840836742
-619.6415992796125
-627.7214881874024
-613.161428656182
