869.2825833126353
3775.3993035275344
215.1691715706038
4408.265893093434
4833.734551746289
1448.359442956169
1520.0657805674882
1002.0293176873602
490.5493891297647
1055.4881209782106
653.4064156022928
251.72358488573036
1033.6436283107942
4916.064026002039
526.9566983962277
3218.8512396951774
-242.93787451082244
-202.77960889228052
324.51320640478207
541.0447764148557
820.9741680091247
-413.89557806018274
1102.5768144641788
-263.488740853325
2817.0341946868066
2705.237214227607
1581.3532799491732
1813.339658335688
1852.834613772302
1840.9344232003496
783.201383598509
1174.4493623594026
157.75004116749915
812.4338440907682
2274.2665787185324
-357.4538168020954
591.0745921457201
645.7447318035156
297.2557947993555
2191.90784856788
1502.5362055400349
1477.029349193057
518.7674435967383
732.9907880987212
420.48725210403063
464.76653648268984
3225.549344302417
1745.5207207254934
714.215849174765
889.9737683986532
