2.9083809453796357
10.218791667728661
4.899936784385992
4.896933737506677
1.54344709458008
1.4543679392130833
1.4519030326263638
7.246147545420985
6.524250761670742
5.536980959252728
2.7443267543277656
2.4441162770126112
6.906035277774355
4.364409161902515
4.643072855055105
2.3113327968748147
5.23511857357003
2.723337096986991
8.034475382347928
0.9051829922054576
3.204747823408611
3.5545268749930097
2.082068772571224
7.361071507639583
2.340592447745966
5.526427958458607
1.6398807887179432
4.148132831588346
5.287362903264253
4.836745626375384
3.1126350732308343
4.638509955161378
5.468083926231845
3.9147853635575447
0.728456802964849
2.6619290531108235
5.289792802667319
1.5558315263634328
0.8180504274334531
1.2622214838339747
10.671037423353265
3.8467995217641833
15.253630277044405
4.342699113417981
3.4010086557032864
0.9132477245132941
0.2724494078419826
7.2288965788212565
3.8642782037039547
6.615845353118664
