-80.60795035942056
-204.8166397454338
-178.77828393807408
-147.5569590723078
-199.02152612273903
-126.50115927583283
-197.34008271699122
-93.21296069485925
-169.35172954490918
-207.37093001848825
-174.9532355282024
-104.04748136513103
-157.97357561452986
67.17288714293335
-138.2266852890084
-119.5918905541929
-181.17504897794925
-195.66385483149634
-113.00447224640857
-208.5136923292048
-209.27386741586906
-194.63707655095823
-190.40221932809936
-171.10853635242256
-204.94974456649152
-138.38972974681337
-140.79448544690808
-208.37317377360432
-109.08804232459977
-104.5792960115308
172.82842219742747
-61.94872563698931
-209.94273448828153
-128.68989806073773
-185.0469769755755
-55.995543656183486
-209.62407938075648
-114.6750909571241
-201.5265908123397
-191.18957583897964
-207.81467579177934
-154.9808766404667
181.2721232909531
-188.5283445377454
-66.38524704665946
-201.5070334070474
-135.3773850446346
-51.22873993371036
-174.89038493034673
-146.05984045048763
