7.647960164330527
72.33903240709314
2.8279028705811786
91.88172403341028
12.818831246806441
9.234270564204257
86.20621381697802
3.769990233034343
9.464350292956519
4.173486201496992
7.09143904724228
7.0666014341403285
3.730910185316529
4.175290735757048
0.31314284486063715
10.655105840708135
2.894923420353881
1.4555582493523311
73.27617939041563
5.3768666591374945
2.270723036719159
0.7137864879145059
2.403697371099579
1.5794484321731834
2.3674639500005195
72.84144700969685
5.562761205493752
2.833766956612028
4.249446546594157
1.959405551920486
9.404015820429954
2.693658176373763
3.225755316114193
4.450484198403984
68.86780120720678
1.9315840002387192
1.2992153394222252
6.71024212045869
0.8068186127139179
70.57126205224604
73.24097160571708
0.1496920423955058
67.3912986535835
6.350722393508548
67.7271981810935
8.914350021086685
15.834550239545603
70.12104413918485
4.791063186545802
0.4578003106071529
