5.68012686084592
2.8167615827543244
3.9998067049561117
3.717202540026367
1.8379471871661868
3.2912138062501035
2.7302235215232615
1.5667580001689054
3.860524869559054
1.5563965152341834
1.8143897297244198
1.2860944242154
1.1913433149247208
2.2755388127081098
16.151888633139535
4.365067135029221
2.783139821309999
1.181244255455208
1.1105375342444574
4.192635680888831
3.543483095896818
1.0413982579387202
6.189141047239077
1.4435741075239248
6.874994523826271
10.197315295953555
2.692601053196864
1.9932351586231456
1.0922044478638582
1.5871758224070325
1.9233402300087206
1.3527337970647408
4.254667249767372
2.9029576530157657
1.5674243180765446
1.738915163015473
2.0349189150840523
1.59455472027014
2.036034255929942
2.951867645483943
3.348959497227144
16.496666783507035
1.070544996791735
1.2537460358978718
4.245663462562151
2.365136061014268
2.074498092621833
2.0635557669203113
2.4750575651014195
2.9302856412822074
