5.348584866563554e-07
1.0413259614708241
0.0009323831230508925
3.8939876677012046e-05
3.5798377371779767e-09
1.8275862828531127e-05
0.0073370001123229415
1.5871690987115048e-05
4.711809050761195e-06
0.0026770696247565757
2.9334461014359518e-06
6.78819181807093e-06
3.737022902629695e-06
2.5091397883998292e-05
0.00014918538575651446
0.013564909141930702
2.3305036025367735e-05
3.255408763356304e-05
0.0005665775609527718
2.3556500792871984
4.2634352091689055e-05
2.7581521785609074e-06
3.1836468478549977e-06
5.794969559931247e-05
0.9790901314283154
0.0004082430024680903
0.046140554825714226
1.5998672327636864e-05
0.0002525914424016324
0.0001747302545381596
1.7370194974733823e-08
0.0021668105232533915
0.00043522222294539953
0.05190153532954913
0.0004991999241220158
0.023271495349470456
0.0725350073253777
2.7478076516783934e-06
0.001093068470616121
0.0040352436240551435
2.0620460105999716e-05
0.01155824070887883
0.008993984374424032
0.00036588253500908027
0.02576334873016418
2.619323879252825e-06
0.0006381156134281035
0.014370473811894095
0.01419121479782349
1.3385113775241364e-06
