12.051085028505655
5.537262834100613
9.59288486000486
6.800741249011326
9.00927490679039
8.420078776614687
11.371413794206521
6.42344657325075
12.093155721609541
10.580318194103187
5.526457399285469
9.111668833725156
11.394421859720792
8.292352542696635
7.127996575455713
8.215186473055734
6.653724361916151
12.102362358137139
6.252178921941205
7.939505815973384
9.821030339269171
4.3625087889316525
11.111725691619936
7.388726774384287
9.309356028569127
10.121357468801188
9.678178231889664
10.144912519058153
8.26868653289774
10.918833286612513
10.395331147254227
8.882607008846769
12.847575974795912
11.730000878041263
10.596493361412968
6.8674333063219635
5.940326033386956
11.20156600751788
11.72440302762094
8.504481215687928
8.993788551200945
12.187649465134005
9.648547893674762
8.451917484086986
7.995756113371645
8.778617133393368
8.316320189129515
10.657624347859734
7.237822846058302
9.057120958618087
