-7.8570235997026066
-8.82657568148023
-7.796792719238732
-7.837030409006788
-7.952252646014022
-6.747534923737414
-6.0528054546168715
-7.865501573183473
-7.538306171537525
-7.316819006672702
-7.692573193325478
-7.5243598317743885
-8.995440916818314
-7.254275633678969
-8.74730170369546
-5.933393338742067
-7.414805592711319
-7.662035763984919
-7.343363962488599
-8.980145032279033
-7.459467145766004
-9.053449001800027
-8.032030202116369
-6.982303316046614
-7.076687580310833
-9.222499863361255
-7.110638791298704
-7.6692315760241305
-7.696319240464526
-8.461780476999937
-8.14574618420397
-6.7295874816260195
-9.041352395332538
-7.4719924467852525
-9.111538746471949
-6.902889519547726
-8.174159931514385
-7.705687920421035
-7.27705011975704
-8.143294152123687
-8.454942913622961
-7.751213425616309
-5.9165723990449255
-8.13854348906894
-6.515237946027076
-8.065055402605067
-7.097117339838265
-5.101830882244121
-8.364707832366552
-8.748117722820801
