-641.000982708225
-669.939613917492
-684.1257625001416
-640.9680287721391
-627.4080984525702
-709.4725503884507
-656.0576810814872
-668.1963342401066
-684.182881075126
-684.1637243801167
-711.7212498889003
-684.3390173733188
-712.4091225369253
-725.4117216076468
-683.101031082895
-679.3019703874681
-674.0499779343666
-711.2771766222573
-683.9333944439902
-599.5102575709368
-665.4940085683892
-651.5173712620707
-669.9566873126577
-639.7393716241746
-613.577495997306
-647.2348518335309
-684.1614574787595
-653.4514706103407
-683.8358270027757
-669.6238712131468
-683.3347695901688
-655.2281918551727
-654.5619833492841
-712.3956280977353
-645.1446135916539
-697.640238614765
-655.8789595720249
-711.7047100819566
-641.7817981802216
-678.231628743508
-660.8846089113647
-694.8170547243385
-670.1131818227291
-683.9351840674976
-710.3305262994143
-656.042322037413
-698.3248028971045
-655.5524599852563
-697.7297817060263
-627.5493806354273
