1377.868270785344
13843.304889048566
37826.26991166314
27728.490009568806
49178.30168336851
19619.08311639563
38682.4227352672
14819.601461663508
5136.985525250711
38827.79554961971
29574.446656923916
11344.174263005487
32649.45684088499
2132.8575440802815
46625.892361852864
19400.183894606656
13802.504883890186
12287.337109406915
50051.63305217947
55544.5075817749
28345.288390882546
16083.480264863465
13838.645589617663
18759.933216643898
20945.624166487483
18547.350000776438
37408.992027618864
12356.439547219226
38042.07921501744
68167.28218925372
14519.741982608568
14702.852809882374
17499.725388712424
6016.757478469197
19802.03241580128
23391.99530720705
40757.451671537565
45739.211273604305
15342.890247454794
6904.833771509235
31217.24232230673
29823.148388697533
13188.940483101454
17889.14181174757
86692.70570446097
23441.15537806708
33821.987710166024
34698.65073863021
16334.524625819846
7076.512960549531
