17269.760865078068
15083.075671349245
10199.97855663301
5997.472898661421
2645.662958015164
67574.16532663442
15883.190524607344
17081.87893268012
9248.677116549174
20139.93011966528
6153.651433258958
16785.22885772986
14615.717321867633
13090.158474915661
21251.589559690343
20762.030173453677
24472.53950888946
24324.155041753314
15476.257901174715
5673.589814421255
39206.43471854011
9515.992856878438
9527.298576177855
14478.536816462547
13290.136641975056
14788.61386149135
63662.82953915489
24795.57445937363
40864.04617580923
12608.600010474445
41690.065219034266
21312.95226437447
24779.22395359818
30699.525752521353
9494.266945205076
42708.25565909935
10956.195801182519
3653.7015570965505
76842.05070589832
30784.77768685308
18318.186177191383
71243.29545665113
7097.6430810832535
2221.381129798334
38644.01597292116
36624.89898130621
75810.62484537915
85072.70772338088
6702.237629079871
16985.66938906163
