-5809.766997112488
-5319.478013912937
-5317.3157668469075
-4267.062052769983
-5292.972323876783
-4529.14309714321
-5468.727094532276
-4505.282251542539
-5149.801743371407
-6060.701814962903
-5353.012003151413
-6061.143051042036
-4383.379761240507
-5349.937352118461
-4938.063953560128
-4608.583127854341
-6196.3020306526305
-4242.08401271839
-3738.6174553803053
-5434.604819746702
-4921.690719504608
-3836.6399772850236
-3696.87090664886
-5607.457994362356
-4744.769504515204
-4149.208574278547
-5193.762391666522
-5330.5100656813365
-5592.790888668109
-4918.841007235271
-4114.623162008552
-4355.10130662471
-4863.963835611281
-5995.577940521106
-4527.442437481745
-5592.518013743367
-5417.294880177767
-4341.116876995018
-4884.21370050127
-3829.5208463732406
-6423.378296146822
-4373.858051879298
-5870.92744333736
-4547.821646938669
-4766.819778354821
-4134.340673124492
-4695.046382991741
-5435.822161944074
-4083.0994318286716
-6001.744448690974
