1.0108517688087697
0.11047725816464271
0.7476125644153152
0.721690786023578
0.953211684442833
0.43970275478742094
1.0963561906318426
0.8352431322628981
1.5175757351196344
1.1080631976142787
0.19053177265770427
3.453211007067882
0.4565596957798346
0.24424666205183865
1.2384860788137386
1.103275996225459
0.4437554584569591
0.20727735120061763
0.7482400649904006
2.931143839746613
0.7985768598733343
1.6498830335157333
1.1993323983379096
1.3203738432487686
0.427420716087487
1.618392675276792
1.3098190781361843
0.99741741943971
3.162625171327033
1.1307237312684895
0.29804368721085606
0.36729498775310976
0.5297802273397743
2.2874804135303872
1.0817111049620187
1.987524496215597
2.3095347281103864
0.6707611698212026
0.44691872903753604
0.7123346386808647
1.2107322489931724
1.0707361217314961
0.9815964744465685
0.9421951016964529
1.952868897754473
1.0464830032965962
5.628493423850345
0.8476319074441563
3.486125315467821
1.075106246537764
