-2235.3168084569033
-2333.972685993004
-2511.410294712566
-2571.1115149480856
-2669.8148172605274
-3023.6317578010517
-2393.4288761303105
-2472.1956454932774
-3597.6371996401676
-2648.5146384093173
-2569.1347796796344
-2865.6803331012848
-3181.5421879011137
-2879.42189427473
-2393.351273167859
-2783.721358376106
-2412.7093696672355
-3202.7371924935696
-2194.4176870947085
-3321.257382899559
-3005.4264651868752
-2905.1939541790416
-2451.1560445212963
-1938.9342764657233
-2728.962173294522
-2926.367384907241
-2176.33634388979
-3202.8207598381846
-2867.217792144811
-3161.840801358794
-2549.7655264720424
-2847.463044344834
-2294.6828308702356
-2669.642436886665
-2827.7467926813597
-3183.09162543491
-2492.1333916576473
-2235.362129949604
-2650.111387535287
-3498.9337491163783
-3140.5816922160975
-2707.709437233893
-2727.4330152713983
-3143.599106570819
-2507.3794631365718
-2946.183370763504
-2255.266940360642
-2255.0867241572414
-2707.7893216538364
-2016.7407334426703
