-725.9912983328595
744.5292702245315
-1274.9994986360398
-138.67922539860774
1122.988326554333
908.7535669520221
596.9492542155476
2044.862649061677
147.73196711984383
1350.0901509588657
2162.953079022329
6975.754814198532
-326.4744811366618
695.9485515879605
3095.502720931785
478.16629553103485
91.45959577347094
209.746993638405
1393.9430421318866
-354.86771752541244
4559.551483289473
-545.8028152908591
4496.079466428979
1256.680195495739
-370.33492681302596
10726.92476479293
1596.3318304504064
-968.5980985681163
2187.4888484548337
568.5445740303721
-563.9277763194605
260.83063098127604
-142.65212118287855
7171.792483613768
918.5021239144717
-407.28820842464347
1129.9569395492726
212.5581667738661
1759.8682524640426
1190.291047419787
842.3414038674182
1436.0576130251247
60.47930943366009
897.0510213057569
-860.95281246784
-123.48179471225922
1024.6577668566606
431.2988590774039
63.566867721681774
4320.000767242629
