2.212931766978964
3.287843411052417
3.576619824652259
1.7332157470763714
2.209151052120669
3.3220626054916895
6.169023609104166
1.031395150559378
1.2592487180896796
1.653686598771397
3.4905790748504204
3.282262615545271
1.0606860027700749
3.5181985788503725
7.182493599217632
1.6403630168140024
4.5739200002697995
5.437818949621458
7.516533801520326
4.847259173637795
1.3480613298382327
3.2526022238140047
2.024116943402189
1.3647995881189896
1.518435285075252
1.5006804608335078
2.5062070747313907
1.673740955854948
1.896366154295983
2.393148394426623
9.447496762121261
2.625375367728076
1.0985342194183652
2.5859814066416353
6.409093361686012
3.08888310350321
3.095157307549431
1.9286306203930161
2.0629476239320743
1.8220331376894836
2.5396540170979263
0.8208007550993945
7.453182253257421
4.9023474716027415
0.7947429320975836
1.1953741119707562
2.398012258801475
1.4367833625612652
1.9710436994041798
1.4096572960608307
