11.204408517655576
1.9393302176421292
50.723759368989704
37.556342191665934
10.850776518359895
0.7891284954904147
38.58979002412665
3.977041872569966
0.00586309137013786
2.962801322808549
2.161299829325721
1.6091867867862333
1.1472288664091344
0.37139859421284127
8.414067210969812
0.03843260273737356
19.377136963692607
0.21090091660132762
0.21615977248781518
69.28402387874831
6.330635046454546
11.17194890179826
0.06410065895513223
45.81073151593818
8.298968475593556
0.4314255780814487
1.8212938519018116
5.289351114714062
4.114976422844272
4.998279550255866
5.632998528451758
3.130184569246904
3.4174500037717968
3.3621828424901383
0.3749391077119964
0.0023342653222947736
0.5010061892685679
16.332065563869392
15.110376917125707
0.008511783872658238
0.061585581497475186
1.362843536733118
0.12443316380887544
34.715757207438024
4.221278216134389
8.834012622798573
0.44491106078755277
0.46439780854890045
2.343986116618654
0.6744220196070547
