355.47678997508336
259.1388051366831
279.28640540736114
124.35222777064386
522.941335083265
139.40615841297029
546.1318735461498
484.78011704411097
451.00478229912983
200.01447852259582
88.21170701235927
133.84420538766577
62.0248553298042
120.06525496126437
77.61273312599822
86.17603618865682
179.6171474689568
99.6500092050268
160.96829420184784
407.64369306345486
104.76281627787945
197.31015925273863
275.30456087942537
113.4058108811055
144.62509439195256
325.2143294447113
145.14612804368048
81.56888232882388
269.7626251620213
265.1719151732874
112.0796757754516
104.82435834250268
298.75294852169833
22.782599328877588
655.5193253147808
261.20316697925415
77.35157757550466
191.60708543275663
196.9532593026949
171.93635215749842
327.9174163614018
17.58151528285664
208.7674163323615
75.6470814541301
59.71982205059218
83.54549292829195
89.27657087885025
92.4866057356662
236.86045866993803
365.6217183688132
