50.35741432984949
91.99634706420937
48.19539653390663
51.43750647904639
67.65770050171918
45.657017505399466
70.6791140132083
79.16226050994194
66.90700334683567
74.26427781726878
71.05077201303664
73.98177161808292
38.25306475137387
45.28077638491439
70.1645594569352
92.51977236781013
62.40786163059852
46.54263961838711
38.38182020289332
53.44672478789738
53.81765007894907
65.0152512640779
56.82437146931673
86.25877797047426
50.46510444469803
64.84391538419098
99.0456821228099
46.458515788934136
107.3287480471208
73.54750279729961
62.36808583177458
108.27216269480687
30.896945262015095
64.38454908517727
34.86423591195495
51.08402022309633
93.06680826856407
36.80584350204094
73.20056933905599
53.82800045963822
85.70303045820759
63.3735925263332
69.23631414826548
35.59562182976816
72.07399980910733
41.0654660809584
40.594770129069445
30.754691416743356
67.12645820619792
60.470274793205306
