-5151.783713637837
-5716.091863079081
-4826.108901243232
-4756.377400070337
-5171.026464480482
-4932.650805856375
-5394.0484879793175
-4821.2485167655495
-4953.489838595269
-6183.132816161365
-5041.184254247027
-5075.667002111099
-4839.438131989679
-4191.9545309959885
-5022.558051322157
-5151.331363143855
-4530.064064576649
-6284.680362823143
-5436.073104626636
-4952.088087735823
-4755.784285812327
-4351.371043069736
-5055.827948992356
-4896.110266631776
-5181.578296503468
-4586.562289371807
-5259.756253307092
-5061.948196197465
-5041.389104521455
-4449.726421343272
-4506.754866909856
-4242.997687160642
-5607.821858548752
-4706.999677999146
-4108.1023204486255
-4758.576554072846
-5632.979674205622
-5298.627492327723
-3969.195098127642
-5728.86397088744
-4973.524637512401
-5249.884475106817
-4809.787150851977
-4863.398848330379
-5117.298655495877
-5077.988129203282
-5098.882943533955
-5474.066028825495
-5071.345521077118
-4890.61242302838
