3.753943208023193
5.516905437297499
3.427522758346716
8.30937911042496
12.786508563267875
6.636702302804613
11.048030921819715
4.20862793763675
0.9303579769800668
10.44554589733392
3.154990805599967
6.613135633927443
3.221352553370989
1.2693859351306205
6.131582966395543
10.126718430653609
6.450024051654553
8.22211217437467
8.00553866186016
8.312387268155144
1.5247026240474044
6.382827153269417
10.080179350425219
5.642157330285419
2.1451059685202662
3.7027143369305664
2.32634381968474
4.675403390148511
7.197343072499662
15.149461986052593
10.999014900140335
7.6009765664930935
5.545780538161231
3.2765129373348967
3.7520866109992723
8.07440062340507
23.299317413226383
7.070701731037173
1.5828059740298817
16.640512322789743
0.8130891261103887
12.723180641146106
7.129327891420019
5.6566674820231
1.485224224486064
7.810144849047015
6.273340501515427
12.15414006702543
0.9762796933322508
12.813913578805334
