2.4278856624651497
4.761903565761038
7.1572288542032085
10.73477319185267
5.703889464286339
4.923103873685396
6.437452010861353
3.8404603944083195
5.2896376929983315
1.9845769915381
5.207866879794293
9.669741780765621
3.2783173923633013
3.047068366556994
8.81187751029653
8.298487551905096
6.092358116545209
4.4501249257443
2.4442843237562513
3.6032417189458643
5.748338170740883
6.953426824803255
5.1834283843142295
4.2796197529249556
17.36663188481931
13.454705883652116
9.699727807522157
6.209600575782015
9.864256328355012
5.781969849003272
3.0133084784442983
4.599360751229439
4.1243267169594535
9.006128214006994
5.947497447723415
7.012206204607398
2.8308081580518727
3.6369649177456145
7.797812265768459
6.793999827453892
6.751388450804729
4.597377119286087
5.666766307474218
6.479532032568495
15.790000421699814
13.068582730998624
12.669509784353007
7.481748772846159
1.0025717424267255
10.7243845782949
