31.11132739261791
61.03620490762603
49.3380165734157
60.45860979745078
62.52711211526895
72.6598807913428
33.447827340332424
55.134431794381186
46.657641265697265
43.14133529443092
42.90147862365251
114.70433326363269
59.458353273046384
53.888025282639774
44.35104792349645
51.351242279205394
48.95241102868832
31.307273181888945
41.23745261008281
79.57632864539946
61.62304026714156
67.62499233491357
41.73589277751853
59.26646574480051
42.00126255499066
73.47488681835435
55.55464611519727
53.29539812288053
50.33776598147992
59.82150970847479
61.092197575038085
72.62363591803734
90.72557364833241
76.88756455965347
64.61441553342974
40.525979826602736
48.123779046689094
60.215047389026466
36.20872956227629
71.44864559502966
42.766810002238
38.1265837939431
74.8073639515155
76.25826119320485
39.767029879128756
52.9405084832384
125.59187663344235
30.602644578536626
41.50230738266754
56.26115093078019
