3.5742397250818887
0.011604082666832216
7.294263841910034
5.473316264955876
3.7342017497302717
2.01331589787554
4.298219538187805
4.989506717780337
2.5807712958813167
3.0265944209613065
3.4038832428506187
3.4065375358832424
7.404403020879336
4.662396102367687
5.287924503310329
3.734367916354039
7.564779701092359
3.027108422993678
3.40416011067752
4.424215616117333
2.316891780770654
6.351848449137133
5.190880675095894
4.167138421492542
2.579928733084252
3.5743189756084175
4.884102010779969
2.0133155929279565
3.404160164618855
3.5740269776370437
1.1551485533066566
9.41996145897901
7.511463557271044
4.42433786653929
3.027108425796055
5.191433144258173
3.222383282126906
2.013318259192886
6.351848307132521
1.1551520328674099
2.316850798930919
2.318558454030232
7.004565477552351
2.8145411338340414
6.88286940378139
4.167127155232233
4.545451181688485
5.287890604792157
8.657644845818089
3.73448957660143
