2.61237440386667563174683
3.84295393743523261420592
2.82924652034373469433604
2.54289182408256220213616
1.13239565759591975790954
3.22954564259239429446779
3.19498319391674812095516
3.56258090567280305549502
2.79300611228008843767157
2.27494891759819095611306
3.16234139996463259336679
3.56859317654514818229927
0.00122896350564204387759
2.66506717118329561344581
3.84659295240259879733458
3.40550093447689672387924
3.50048853573991980425717
3.87154905272208349487073
2.84555203223114672184124
4.01722909920511384029851
2.44319417677805450495043
4.06237913968654140717263
3.57986937428621043721932
2.64067531967087187894094
1.30375256309108467078772
3.34094054238996696071240
1.18496316339050844490544
2.15463616672679680874580
2.46232358216872082579130
1.23509204315788689854116
2.44317169985336235527029
4.20368484728798552652052
2.17457536631202241750316
1.83383889845230241277818
3.07582924598481577405096
2.53948234495305946722965
4.23845481116429478873897
3.17093164599528476443879
2.09847675752275586447126
3.06216177441814130233411
2.11201040048669952398086
6.72141551214698473870612
1.61357917478236245756307
3.45642775454409889590579
4.50984152340426192040468
3.11687093004782367344774
0.68338168354044581676021
4.12848548462677200632243
4.72385745509380150508605
3.53235514692892849097916
