0.00000000000000000000000
1.98991811418657960075507
0.99495905709329690580489
0.00000000000000000000000
0.00000000000000000000000
0.99495905709329690580489
0.00000000000000000000000
0.00000000000000000000000
0.00000000002646061147971
0.99495905709329690580489
0.00000000000000000000000
0.00000000000000000000000
0.00000000000000000000000
0.00000000000000000000000
0.00000000000000000000000
0.00000000000000000000000
0.00000000000000000000000
0.99495905709329690580489
0.99495905709329690580489
0.00000000000000000000000
0.00000000000000000000000
0.99495905709329690580489
0.99495905709329690580489
0.00000000000000000000000
0.00000000000000000000000
0.00000000000000000000000
0.00000000000000000000000
0.00000000000000000000000
0.00000000000000000000000
0.99495905709329690580489
0.99495905709329690580489
0.00000000000000000000000
0.99495905709329690580489
0.00000000000000000000000
0.00000000000000000000000
0.00000000000000000000000
0.00000000000000000000000
0.00000000000000000000000
0.00000000000000000000000
0.99495905709329690580489
0.99495905709329690580489
0.00000000000000000000000
0.99495905709329690580489
0.99495905709329690580489
0.00000359985338604928984
0.00000000000000000000000
0.00000000000000000000000
0.00000000000000000000000
0.00000000000000000000000
0.99495905709329690580489
