116.73891891571295786889095
108.93271458935163309433847
104.57833323265617764263880
102.35158929223385371187760
120.54281481347237559020869
100.95261141577745434005919
109.79262635402082537439128
117.78977533659934806564706
112.54633923499409320356790
103.16040991277134253323311
114.00575126918022306199418
102.91484193447897155238024
106.52844877946415635960875
96.17770150736222944942710
102.97141427514304723445093
104.59589232059590813150862
103.53995881316197369415022
124.38420711856596767574956
114.53393175648156443457992
110.37723963347070821328089
111.23997951863427147145558
128.75145019990895889350213
117.60654068428243590460625
93.95922366691371507840813
107.95812753109916570792848
104.50036783678109486572794
109.88817250588579099712661
124.45646420119376784896303
111.04430692454977247507486
91.76416637659792741033016
76.48634728412156391641474
122.36412417311859712754085
113.90226582262704368986306
122.74761406340982716756116
90.80472056578307160634722
81.81039713160220117060817
106.17300877020196026023768
123.69114240197498588713643
129.97516883441966228929232
91.79386212547689183338662
119.21147914745890261656314
112.02832508476021189380845
106.99900828532648233704094
106.83064465904755024894257
130.44785579667720298857603
109.49084704545322210833547
128.24906867473191596218385
105.40460557151720877300249
108.18450971325327714112063
123.43131728465493779367534
