-7772.29306060908402287168428
-7770.74199646274701080983505
-7406.24907059793258667923510
-7637.14478275765122816665098
-7583.34881813892206992022693
-7468.87006742764242517296225
-7538.17247351219248230336234
-7592.05539865760147222317755
-8250.37115883607657451648265
-6995.63905358242482179775834
-7285.26500529555232787970454
-7785.94901286432013876037672
-7547.55528412327748810639605
-7372.83301496478452463634312
-7961.61807922936714021489024
-7269.17636713114552549086511
-7940.99542574481438350630924
-7791.56644909598890080815181
-8142.78107621979870600625873
-7668.55763637077961902832612
-7791.54170895431070675840601
-7785.94901286432013876037672
-7543.71845732000747375423089
-7894.29365014729773974977434
-6643.52882083237636834383011
-7568.30387441959464922547340
-7365.33214124421283486299217
-8254.55921132732146361377090
-7509.64380260031703073764220
-7705.62916628921175288269296
-7513.88874063606635900214314
-7862.80455847867597185540944
-7502.77766940782294113887474
-8253.65065152486022270750254
-7034.76859730299838702194393
-8035.21141512091435288311914
-7555.96889180944435793207958
-7794.17856643092636659275740
-7266.03411951597990992013365
-6788.73359999187141511356458
-7775.54570983908706693910062
-7111.77254196341255010338500
-7459.96822061091916111763567
-7085.47304578534112806664780
-8122.14817101258358889026567
-7316.99984986609160841908306
-7842.82954904070265911286697
-7336.65510165184423385653645
-7823.96554327331068634521216
-7755.45610351152390649076551
