-4071.39053810989980775048025
-3918.66818050124493311159313
-3832.99680936885761184385046
-3952.95220349546161742182449
-3930.83894968579807027708739
-3832.72376484115375205874443
-3788.69623526415944070322439
-3898.13101080378964979900047
-4189.82887272433799807913601
-3685.51355373612386756576598
-3834.51386888102388184051961
-3992.88426116744449245743454
-3935.40477346890384069411084
-4161.08421925556740461615846
-3901.68662595892146782716736
-3808.86789345318402411066927
-4172.67441878084173367824405
-3589.59213437423477444099262
-3832.99680936885761184385046
-4071.39053810989980775048025
-3920.75333533655975770670921
-3825.19862365158269312814809
-3829.39228819808795378776267
-3931.79126121447143304976635
-3951.43514398329580217250623
-4009.06664436039227439323440
-4059.00067375421895121689886
-4153.04253898107799614081159
-3822.73200780513934660120867
-3949.58395856325569184264168
-4186.65680614678785786963999
-3825.71393009945177254849114
-4069.86726520803949824767187
-4068.49450799316946358885616
-3951.43514398329580217250623
-3672.50263207541274823597632
-4071.39053810990026249783114
-3902.27758863545568601693958
-3951.48016148259875990333967
-4068.81163549842403881484643
-4189.82887272433708858443424
-4071.39053810990026249783114
-3951.43514398329580217250623
-3834.51386888102388184051961
-3950.10223656525340629741549
-4141.93842520936959772370756
-4071.39053810989935300312936
-3657.23055566416496731108055
-4071.39053810989980775048025
-4189.82887272433799807913601
