0.01231607251926158941302
0.00739604033411489503180
0.00000000000021593837829
0.00000000000000000000000
0.00739604033411489503180
0.02631070559605352965349
0.00985728460786627902479
0.01611522113461727467865
0.00985728460782075988078
0.00000000000000000000000
0.00739604033411500605411
0.02212673343287752114605
0.02463883639608410724975
0.00000000000000000000000
0.00000000000000000000000
0.09352425222343829780414
0.00000000000000000000000
0.01969735601044186878994
0.00000000000000000000000
0.10873404960939858643343
0.00739604033411489503180
0.01231607251926158941302
0.00739604033411500605411
0.00739604033411489503180
0.01477977675482566866094
0.00000000000000000000000
0.00000000000000000000000
0.00000000449372239419432
0.00000000000000000000000
0.01477240772282295555584
0.00985728460782075988078
0.00000008618959368433821
0.01232098887510657547750
0.00000000000000000000000
0.00000000000000000000000
0.00739604033770868696251
0.00000000000000000000000
0.12256480294042360057460
0.00739604033411500605411
0.02709339608730587656282
0.00000000000000000000000
0.00739604033411500605411
0.01231607251926158941302
0.00985728460782075988078
0.00000000000053357318563
0.00739604033411511707641
0.00000000000000000000000
0.00000000000000000000000
0.00985728838587052180742
0.00739604033411500605411
