33.73819901014854849563562
36.62846825699963915212720
48.06394384515752449260617
45.80925131687044427053479
38.48080068428978961492248
44.89663355945080525088997
44.05518135176217242587882
57.21732301758962080384663
61.07867558397001062076015
43.27339089542920191888697
62.65498691121860019848100
42.93159674159849714669690
52.78408440477554108838376
26.14949105182409994085901
32.88841905836511614324991
56.37247440791111330327112
43.41434249098077202688728
39.58558513364886266572285
40.05588742196448492904892
30.21771621909641680758796
41.34881367766863036194991
44.00733041892493702107458
29.30261579518855796777643
57.99933943870331631842419
36.63563467035018561546167
47.15532071913082745595602
22.95848589742129775004287
43.01516403122585074925155
53.60189625821652725790045
37.93779483440502531266247
27.97626416129057247417222
36.31589219786869193740131
48.84017215282145230048627
39.58675087028717598514049
59.96624797853507971012732
44.46762009869448206700326
39.58469754033725962472090
35.75657925437892004083551
39.48475466131606026465306
37.56232735834501568206178
34.72393834794445410807384
29.88657888544094021199271
43.01165654051297337900905
40.73371320116953597789689
50.41812835266489400964929
34.40368378028324514161795
49.32703431767544088870636
44.08799037863656167246518
46.56168134228508392880030
50.39077009967851950023032
