-11026.06224342224959400482476
-10164.59269749126360693480819
-11049.77572462376156181562692
-11112.81444732333329739049077
-10374.13507286491403647232801
-10621.41677320655799121595919
-11751.93391499974131875205785
-10741.52251592182619788218290
-11352.73027697967700078152120
-11198.96932839108012558426708
-11333.06110179581810371018946
-10920.94054277440955047495663
-11350.23378390858852071687579
-10580.92851579476155166048557
-10859.41170335520473599899560
-10915.55542571146361296996474
-10363.68286363546940265223384
-10478.58874530889261222910136
-10743.95875001444073859602213
-10174.39266386036433686967939
-10428.17911295732301368843764
-11501.28559600126573059242219
-10646.62977906234300462529063
-10085.06913633562908216845244
-10826.87731429827363172080368
-10737.65946999108382442500442
-11221.36682857835694449022412
-10867.64433749869385792408139
-11255.04422599145254935137928
-11018.72042673546638980042189
-11056.64174596747579926159233
-10304.27155421775023569352925
-11646.96479715899840812198818
-10980.19094848183885915204883
-10227.75052855881040159147233
-10537.10234149594180053099990
-10669.38697771144143189303577
-10233.51951901763277419377118
-11473.04206868404435226693749
-11165.17481921239414077717811
-11612.23556370054757280740887
-10531.03660439705345197580755
-11500.50748761873728653881699
-10404.33688940126012312248349
-11564.30337644705286948010325
-10623.25951286654890282079577
-11205.53266944474125921260566
-10839.70819572061373037286103
-11616.93024799532213364727795
-11586.05898116176467738114297
