0.00000000000000000000000
0.00000000000000000000000
0.00739604033411500605411
0.00000000000000000000000
0.00000000000000000000000
0.00000000000000000000000
0.00000000000000000000000
0.00000000000000000000000
0.00739604033411489503180
0.00000000000000000000000
0.00000000000000000000000
0.00000000000000000000000
0.00000000000000000000000
0.00986467206100616333941
0.00000000000000000000000
0.00000000000000000000000
0.00000000000000000000000
0.00000000000000000000000
0.00000000000000000000000
0.00000000000000000000000
0.00000000000000000000000
0.00000000000000000000000
0.00000000000000000000000
0.01477977675482566866094
0.00000000000000000000000
0.00000000000000000000000
0.01231607251926147839072
0.00000000000000000000000
0.00000000000000000000000
0.00000000000000000000000
0.00000000000000000000000
0.00000000000000000000000
0.00000000000000000000000
0.00000000000000000000000
0.00000000000000000000000
0.00000000000000000000000
0.00000000000000000000000
0.00000000000000000000000
0.00000000000000000000000
0.00000000000000000000000
0.00000000000000000000000
0.00000000000000000000000
0.00000000000000000000000
0.00000000000000000000000
0.01232098887510657547750
0.00739604033411489503180
0.00000000000000000000000
0.00000000000000000000000
0.00000000000000000000000
0.00739604033411489503180
