0.00000000000000399680289
0.00000000000000399680289
0.00000000000000399680289
0.00000000000000399680289
0.00000000000000399680289
0.00000000000000399680289
0.00000000000000399680289
0.00000000000000399680289
0.00000000000000399680289
0.00000000000000399680289
0.00000000000000399680289
0.00000000000000399680289
0.00000000000000399680289
0.00000000000000399680289
0.00000000000000399680289
0.00000000000000399680289
0.00000000000000399680289
0.00000000000000399680289
0.00000000000000399680289
0.00000000000000399680289
0.00000000000000399680289
0.00000000000000399680289
0.00000000000000399680289
0.00000000000000399680289
0.00000000000000399680289
0.00000000000000399680289
0.00000000000000399680289
0.00000000000000399680289
0.00000000000000399680289
0.00000000000000044408921
0.00000000000000399680289
0.00000000000000399680289
0.00000000000000399680289
0.00000000000000399680289
0.00000000000000044408921
0.00000000000000399680289
0.00000000000000399680289
0.00000000000000399680289
0.00000000000000399680289
0.00000000000000399680289
0.00000000000000399680289
0.00000000000000399680289
0.00000000000000044408921
0.00000000000000399680289
0.00000000000000399680289
0.00000000000000399680289
0.00000000000000399680289
0.00000000000000399680289
0.00000000000000399680289
0.00000000000000399680289
