4.50540320031318319848879
2.41315618003407283964634
3.71877663733435470660993
3.79196683050973248896298
4.11856919712462143934317
4.76679213559566505864495
3.48147234839855634902506
5.25474787317142588705110
5.04992664234354116103987
2.04570791737640877983040
0.82605253675133649693407
2.99992806381611387678277
0.00019377667868091555349
2.75383987814538455651814
2.95805559199203527143140
4.57110797922069167498194
2.32234964605212423904845
2.14413038464355221179858
4.94147195364206393008999
3.53305956227271122926936
3.43340194439371382273407
2.07385998860878384419948
2.36608384104087932087168
0.77933041393833568655225
2.59137395695203132106599
1.60002008557591124393582
2.72207106134002430053442
1.37373659606412257261354
1.87379962012020184758398
2.92813835217618123607508
2.67567572663093855567240
4.04716097116143735945570
4.51872359934639522549560
2.81725197876442257083340
2.71978384268993877981302
2.34136485748229894454653
3.82392369815042032499264
2.10689306380559626674653
3.40934479473432583418457
4.34910961984826993642628
2.77977997863394987732022
3.47723060930559579873034
2.21471679823781952833883
2.79744198294313672903399
3.74597212071029606050843
1.83918650310912523693219
3.74561168090289120513603
3.39678307923009414892590
5.15526481547049364451141
2.43027038774425374612065
