-783.32331407542824308620766
-783.32331407542824308620766
-783.32331407542824308620766
-769.18659502694094953767490
-783.32331407542824308620766
-783.32331407542824308620766
-769.18659502694072216399945
-783.32331407542824308620766
-755.04987597845342861546669
-769.18659502694094953767490
-783.32331407542824308620766
-783.32331407542824308620766
-783.32331407542824308620766
-783.32331407542824308620766
-783.32331407542835677304538
-783.32331407542824308620766
-783.32331407542824308620766
-755.04987597845342861546669
-783.32331407542824308620766
-783.32331407542824308620766
-783.32331407542824308620766
-783.32331407542824308620766
-755.04987597845342861546669
-769.18659502694094953767490
-783.32331407542835677304538
-769.18659502694094953767490
-783.32331407542824308620766
-783.32331407542824308620766
-783.32331407542824308620766
-769.18659502694094953767490
-769.18659502694094953767490
-783.32331407542824308620766
-783.32331407542824308620766
-769.18659502694072216399945
-769.18659502694094953767490
-783.32331407542824308620766
-783.32331407542824308620766
-769.18659502694094953767490
-783.32331407542835677304538
-783.32331407542824308620766
-783.32331407542824308620766
-783.32331407542824308620766
-783.32331407542824308620766
-783.32331407542824308620766
-783.32331407542824308620766
-783.32331407542835677304538
-783.32331407542824308620766
-783.32331407542824308620766
-783.32331407542824308620766
-783.32331407542824308620766
