-4585.95997449930291622877121
-4491.40964625630294904112816
15059.58845354430377483367920
8845.26771537575405091047287
-3708.36876015513553284108639
-4428.07487742754165083169937
-4215.05504449014551937580109
-4842.24486266751773655414581
-4886.08911338599864393472672
-2782.05814216702128760516644
-4229.53076674835756421089172
-3782.57530633293208666145802
-3474.59147487327572889626026
28494.37929685856215655803680
-4763.58078191732056438922882
-4828.57122644747141748666763
-4348.07348759466549381613731
-4866.69554967666044831275940
-4630.99479566910304129123688
-2812.01804824105056468397379
-2290.47027034533675760030746
-4475.52458166913129389286041
2475.65562232552474597468972
6904.03102408815175294876099
8814.32918547559529542922974
-4762.84931494633201509714127
-3513.65275870688492432236671
-4412.69636187807191163301468
-722.34875480935170344309881
-3590.03574319044128060340881
-4903.26593336346559226512909
21967.69986970862373709678650
-4513.95016705419402569532394
523.49834811408072710037231
-4326.88466887158574536442757
-3996.98650204960722476243973
-4825.32407053781207650899887
-4740.25283270713407546281815
-3860.24924064270453527569771
-3875.75924142851727083325386
-4886.95632446114905178546906
-4587.72631056630052626132965
-4849.58451284468173980712891
-4475.68604545947164297103882
-4753.09674749290570616722107
-4845.82921546278521418571472
-2385.42341294356447178870440
-3458.70370942103909328579903
-3818.30048595997504889965057
-4620.11934665555600076913834
