-209.99999999710325937485322
-209.99999999759893398731947
-209.99999810407280165236443
-209.99999903790194366592914
-209.99999999984993337420747
-209.99999997809936758130789
-209.99999979166932462248951
-209.99999993299206835217774
-209.99999998309340298874304
-209.99999999853207555133849
-209.99999651281450496753678
-209.99999971888883010251448
-209.99999996498354448704049
-209.99999802970341988839209
-209.99999999995907273842022
-209.99997247752162365941331
-210.00000000000000000000000
-209.99999999484407453564927
-209.99992641163316875463352
-209.99999999972078512655571
-209.99999996173482941230759
-209.99997668001742567867041
-209.99992215032125386642292
-209.99997740468188567319885
-209.99999999990905052982271
-209.99999999938972905511037
-209.99999999923693394521251
-209.99999999999909050529823
-209.99999999996998667484149
-209.99999999983629095368087
-209.99996879408899985719472
-209.99999998106250131968409
-209.99999999999909050529823
-209.99999975180890032788739
-209.99999825704253453295678
-209.99997832364715577568859
-209.99996161968829255783930
-209.99999999999909050529823
-209.99999993612254911568016
-209.99999972910245560342446
-209.99999999958617991069332
-209.99999969713644532021135
-209.99998731312825839268044
-209.99999991723325365455821
-209.99999999990632204571739
-209.99999985447266226401553
-209.99999991615368344355375
-209.99999999999363353708759
-209.99999950152960082050413
-209.99992807750459178350866
