21.53080886590091580501394
20.24149557036402669041308
20.96267884772940348625525
22.49789544429842180761625
19.25884355717624885073747
22.85968609866974077249324
22.76467854192033613003332
20.48343894251956953667104
22.07810633052141469079288
19.84216342983823722079251
20.34673979889048212044145
21.12135190410379337322411
22.51166293523310102386858
20.66508972615426387164916
21.67105288139902441457707
18.57130214397558276573363
21.62451284679799101695608
21.91932506797324720082543
23.19491599967134476401043
21.27899333630000100470170
20.05982865245426793876504
21.03634795086599496016788
20.95753986554775138984041
21.87492118889164061101837
20.47406229457527970794217
21.59835556291501745818096
22.19027137042620978490959
21.44240405525373205364303
19.89452980114220892460253
21.34013670072658896970097
21.58743318672203770347551
22.46614634499718832216786
21.30175897583695032722062
21.99359953806683165566938
22.09202900813257741674533
22.26792840604584355901352
73.19074086981328264300828
21.90540387558698043335426
21.95104409874507211952732
21.60128066591477136171306
21.69133401932840854442475
21.63395521917454189519958
22.48010296235066718395501
55526.63770803888473892584443
21.02840604735089513610546
21.38121740206032583841989
20.29624010631913222368894
22.00429076191322153022156
19.39708393891343263248928
21.93339957670049145121993
