27.51260339003647459321655
47.20780218232567904124153
36.91868091849505617574323
45.43689295014252138571464
26.94361392999343252085964
35.10471388502614331628138
44.23604072871523840149166
55.92515954670508904200688
43.07889541351269713231886
31.90958174100165933850803
37.24305941262929309232277
45.12720519051771361773717
45.58858002219349714323471
45.95143540113147651027248
41.38717679486131828525686
43.15274739416022953264473
36.14068592161126503015112
35.79240506603616722713923
52.40516421373129674066149
46.72713720088481181846873
34.67424985148542759816337
47.49616574912238320393953
32.69812313337214959574339
25.16246162581975909233734
42.72042599335588874964742
54.38867578486781440005871
45.07233693069741775616421
48.79274958900455771981797
37.68276038913819547815365
42.61985224303549557589577
39.89853306700896951042523
40.81477845901852674614929
42.20711307855415839185298
39.80617192094973688654136
48.19868310593884075387905
30.52252491715330506849568
55.01129949249286710255546
41.20519149699666172637080
49.70885238018459517661540
48.41443675872582730335125
28.60773393941434505904908
31.65050612918349770552595
29.62304638990619309879548
50.25689355625451071318821
32.61549224266175883713004
35.43634552698685524774191
41.93044885112743713762029
62.60007549116397740363027
47.42602452517576239188202
39.98501421925618615205167
