-17.07873524598063141866078
-17.33689561017921576535628
-16.51105748144478013728076
-16.02247652875451322529443
-18.42276880380525483360543
-17.99694706864102045074105
-16.34002419341535272678811
-16.23565137819976911259801
-17.72754832736357144540307
-17.26640236457846810935735
-18.79393973449628418848079
-16.33189735629195027399874
-16.95569343416419982872867
-17.17598441207389825535756
-17.81279243196436468110733
-17.95069553180752919274710
-16.35353667954717238330886
-16.83769495741694655066567
-16.65781231097652437256329
-18.20343804607446358545531
-16.40117441117089569502241
-17.58997375113190742013103
-17.87004453103626033794171
-17.70891521397373935542419
-18.45683354455144353778451
-16.74258489534577876156618
-16.53916468025900243787873
-16.94688924532515983401026
-18.12456895272309509437036
-16.96650471551719618901188
-17.13690178886667325741655
-17.21784100755461111020850
-17.60832766908257340787713
-17.77496448127319794707546
-17.37422667520982599853596
-17.31623696159150682660766
-17.90228894137910131689750
-16.13988579987324811781946
-15.75690072805197061711624
-16.29365983355262770260197
-15.89546035371322219020840
-16.97792276857301274617384
-17.55454939767951216822439
-17.07099042727200810531940
-15.67278504134879923981316
-17.13155355335921115056408
-17.61086996043764685282440
-18.13317581761661045902656
-16.60513333630766652504462
-18.30188075344504738950491
