-7762.42261339904689521063119
-7548.83202712199636152945459
-7895.99039236765929672401398
-7361.15650127173739747377113
-7744.90408187503180670319125
-7309.16114738116357330000028
-7386.94337886734138010069728
-7462.43586802758909470867366
-7510.51774477723029121989384
-7742.92167195140973490197212
-7753.01724690164974163053557
-7383.39727235589725751196966
-7222.78411915330070769414306
-8025.33316532451590319396928
-6892.25560588890675717266276
-7628.12683602039123798022047
-7152.36752198950034653535113
-7904.04418976992928946856409
-7173.08365161008987342938781
-7667.51067824988149368437007
-7382.83436670703304116614163
-7355.56143465192235453287140
-7533.33231818392323475563899
-7645.90750414085050579160452
-7523.13859767480789741966873
-7751.05155707024368894053623
-7524.45940497178708028513938
-7781.05888536858128645690158
-7791.19570124759229656774551
-7505.57448555147584556834772
-7665.71941624837199924513698
-7488.22013671219610841944814
-7979.76928554156620521098375
-7900.98672124488984991330653
-7799.67851914369020960293710
-8292.43371432053936587180942
-7298.40817878342477342812344
-7511.96365353336204861989245
-8024.34274160536097042495385
-8003.59989528345795406494290
-7572.58270077664747077506036
-8087.99955441654492460656911
-7441.73326292707042739493772
-7924.26067144643911888124421
-7544.90165243861247290624306
-7505.54248311319406639086083
-7547.11767467813115217722952
-7283.00192577533925941679627
-7630.58894348589092260226607
-7429.05583845459386793663725
