-9.51014955442366272109211
-9.66015171564134789150557
-9.65524056784770756678427
-9.61838890430041715262632
-9.61838890430041715262632
-9.66015171564134789150557
-9.66015171564134789150557
-9.66015171564134789150557
-9.61347775650677682790501
-9.66015171564134789150557
-9.61838890430041715262632
-9.58077733487603389050946
-9.66015171564134789150557
-9.66015171564134789150557
-9.58077733487603389050946
-9.65524056784770756678427
-9.61838890430041715262632
-9.50523840663002239637080
-9.66015171564134789150557
-9.61347775650677860426185
-9.61539337914521041739135
-9.65524056784770756678427
-9.61347775650677860426185
-9.66015171564134789150557
-9.66015171564134789150557
-9.59817691737659828277174
-9.65524056784770756678427
-9.66015171564134789150557
-9.50523840663002239637080
-9.61838890430041892898316
-9.61762899842332430466740
-9.66015171564134789150557
-9.66015171564134789150557
-9.65524056784770756678427
-9.61903879820794038835174
-9.65524056784770756678427
-9.66015171564134789150557
-9.66015171564134789150557
-9.65524056784770756678427
-9.51014955442366272109211
-9.59817691737659828277174
-9.65524056784770756678427
-9.66015171564134789150557
-9.66015171564134789150557
-9.65524056784770756678427
-9.44874360950252878410538
-9.53601899837989641639524
-9.61412765041430006363044
-9.66015171564134789150557
-9.66015171564134789150557
