11.80613715016356657372398
11.45817989939197900639556
13.38562730876450146411116
13.13715291171952515014709
9.69278256636585844319143
12.30558402073013013477976
11.57306718631328656954338
12.27022729045901172639788
12.25666797141279573679640
12.26787305885314971476419
9.90908482467999185416829
11.79882698212727554221146
12.92353412939491796862512
11.86095959734650406858236
16.51785106131117686345533
12.61427231756802136430906
11.64835256140561092763619
11.51475908332678521617254
12.84854633812937407810750
12.12746938269290630785235
12.31397187996266495702002
10.12768496308489574175837
12.39805616208645133724531
10.15640318300908262472149
13.13619789265850279491588
13.03240554112328020153200
13.74365872994607329360406
12.34966076461218520421426
11.21872375680159272803849
11.48360014783094484869252
12.12301351813812644309110
10.45157862090918321484878
11.35912229105810311580171
11.40680530729693842317829
10.22833434630419269240065
12.92678600308474123892211
12.27305103684598641677894
10.93439876830198898005619
11.33569639662889727560469
11.37312572952069800180652
12.14185667928004797033736
11.39349473529748202338396
13.41129418161745689985764
12.24258786458516468087510
11.96523936260277487519943
12.14870389279264806248193
12.72653553493995026713037
11.20509147953363182637077
12.15502587961332991994823
11.11824416669502291199478
