0.00000000000000399680289
0.00000000000000399680289
0.00000000000000399680289
0.00000000000000399680289
0.00000000000000399680289
0.00000000000000399680289
0.00000000000000399680289
0.00000000000000399680289
0.00000000000000399680289
0.00000000000000399680289
0.00000000000000399680289
0.00000000000000399680289
0.00000000000000399680289
0.00000000000000399680289
0.00000000000000399680289
0.00000000000000399680289
0.00000000000000399680289
0.00000000000000399680289
0.00000000000000399680289
0.00000000000000399680289
0.00000000000000399680289
0.00000000000000399680289
0.00000000000000399680289
0.00000000000000399680289
0.00000000000000399680289
0.00000000000000399680289
0.00000000000000399680289
0.00000000000000399680289
0.00000000000000399680289
0.00000000000000399680289
0.00000000000000399680289
0.00000000000000399680289
0.00000000000000399680289
0.00000000000000399680289
0.00000000000000399680289
0.00000000000000399680289
0.00000000000000399680289
0.00000000000000399680289
0.00000000000000399680289
0.00000000000000399680289
0.00000000000000399680289
0.00000000000000399680289
0.00000000000000399680289
0.00000000000000399680289
0.00000000000000399680289
0.00000000000000399680289
0.00000000000000399680289
0.00000000000000399680289
0.00000000000000399680289
0.00000000000000399680289
