-19.28030302561056430477038
-19.06870820402464872245218
-19.51829589098056771945267
-18.61934104668559442075093
-18.80948787183742254569552
-19.54129859390174317468336
-19.65475515670397399503599
-20.54796628200029218191958
-19.57073651225143251508598
-19.56804031094714702021520
-20.26810493099952381612638
-20.27790416530281092377663
-20.96805719065713802251594
-19.42006716177329650463435
-19.63351967363145789136070
-20.16731666574219161702786
-19.99565333979742476344654
-19.64465916464068229174700
-19.44548565987942012611711
-19.11738833853080521407719
-19.42509003044293791617747
-18.36614812783891892422616
-19.96964342358749888717284
-18.96006426878622974641075
-19.68156351283446170441493
-19.17785948056057776511807
-20.17887606144407897090787
-19.17769534191287661428760
-18.36583215561126181114560
-20.11016025095427650626334
-19.29880024355516354717111
-19.79332908514418676304558
-19.38279256296968711126283
-18.83850040558960259318155
-19.40412443594125946333406
-18.96387077355013417445662
-19.49812212999630034460097
-18.93484873172695159837531
-21.50041414321822585975497
-19.78442867015510842065851
-19.49049134173874620046263
-20.22880304191479794440056
-19.63322976107223638564392
-19.91287998464206054904935
-21.47956996616640168440426
-21.40556851737906285393365
-20.29004244633019382604289
-19.48719946703085525996357
-18.26137124514840692768303
-18.75568888529068090065266
