-1504.99950020303367637097836
-941.88879107177490368485451
-1462.62966579267231281846762
-1517.97350301170081365853548
-1516.56295371602755039930344
-1416.95618517727416474372149
-1427.17247478161880280822515
-1481.22832481085788458585739
-1434.81057122917263768613338
-1517.50510043188114650547504
-1475.58090073330095037817955
-1519.60035174372023902833462
-1519.93511801131535321474075
-1471.77088265265047084540129
-1474.20032227651972789317369
-1342.18727404774836031720042
-1257.81263303260493557900190
-1497.50118426189874298870564
-1519.44018460760707966983318
-1506.21509978758695069700480
-1454.98140182322822511196136
-1516.78597604717651847749949
-1510.01186279422836378216743
-1411.56984663056209683418274
-1484.74273035432270262390375
159.78387125795489964730223
-1516.59525972063420340418816
-1516.07422707359364721924067
-1508.07789809092355426400900
-1519.84395760719780810177326
-1331.65141714201308786869049
-1503.67331177597225178033113
-1512.84625303049688227474689
-1230.41081623600621242076159
-1455.30972343937901314347982
302.31083096069414750672877
-1509.19287508024717681109905
-1519.99329285902786068618298
-1517.67690215194306802004576
-1519.36521850005374290049076
-1483.73439583279832731932402
-1403.27915907072019763290882
-1479.81139062061265576630831
-1514.07962054631207138299942
-1508.60057053522905334830284
-1044.06909458676818758249283
-1491.95025083256768994033337
-1493.32223733847786206752062
-1519.75063943976419977843761
-1514.81233217335829976946115
