-391.66165703771423522994155
-391.66165703771423522994155
-377.52493798922671430773335
-391.66165703771423522994155
-391.66165703771423522994155
-391.66165703771423522994155
-391.66165703771423522994155
-391.66165703771423522994155
-391.66165703771423522994155
-391.66165703771423522994155
-391.66165703771423522994155
-391.66165703771423522994155
-391.66165703771423522994155
-391.66165703771423522994155
-391.66165703771423522994155
-391.66165703771423522994155
-391.66165703771423522994155
-391.66165703771423522994155
-391.66165703771423522994155
-377.52493798922671430773335
-377.52493798922671430773335
-391.66165703771423522994155
-391.66165703771423522994155
-391.66165703771423522994155
-391.66165703771423522994155
-391.66165703771423522994155
-391.66165703771423522994155
-391.66165703771423522994155
-391.66165703771423522994155
-391.66165703771423522994155
-391.66165703771423522994155
-391.66165703771423522994155
-391.66165703771423522994155
-391.66165703771423522994155
-391.66165703771423522994155
-391.66165703771423522994155
-391.66165703771423522994155
-391.66165703771423522994155
-391.66165703771423522994155
-391.66165703771423522994155
-377.52493798922671430773335
-391.66165703771423522994155
-377.52493798922677115115221
-391.66165703771423522994155
-391.66165703771423522994155
-391.66165703771423522994155
-391.66165703771423522994155
-391.66165703771423522994155
-391.66165703771423522994155
-391.66165703771423522994155
