64.86916466380912993372476
131.43478144030316911994305
101.47896889078970161790494
90.87006119516391322576965
108.56665641247823828052788
111.65316848153432260914997
83.82930731976335891886265
88.89474376381230058541405
117.84622743914869147374702
118.75264101927587034879252
106.93637501479850016039563
95.12160506102497947722441
110.31488333488195507925411
102.78841300762198329721286
109.65763375244429767008114
97.44222830342715724327718
124.91652105138237516257504
105.69676859525077361467993
119.05015170936434287796146
126.76147878988152228885156
123.11555613416521737235598
98.27554607304139722145919
104.88165302580762272555148
130.45136562182847228541505
98.73396833462686572602252
122.29843932746632617636351
104.61384777480756724798994
119.68277386546267848643765
111.56602623346481095722993
116.04142189316902999962622
98.96244277259174282335152
118.50989158674818213512481
110.50762084890394021385873
112.26046696239276911910565
109.71653437570347477958421
108.24097356701460626027256
104.01867645906938264488417
132.35494948938648462899437
110.29626375364728119166102
111.78673536167727320389531
104.16074430858901678220718
111.58185212404617914216942
111.95771291209919695575081
93.44956273600539020662836
98.47597330770867074534181
92.84074438926387529136264
106.30977901072742497490253
100.38946907548177023272729
113.86918456925934606260853
126.10505529217286380117002
