0.00739604033411500605411
0.00000000011888290352147
0.03665682870224196143738
0.01231607251926158941302
0.02463706106016350094734
0.00739604033411500605411
0.08046452201968767870000
0.00739604033411500605411
0.00739604033411500605411
0.00000001436486585237873
0.04462861982761023860178
0.00739604033411500605411
0.00000000000002886579864
0.00739604401153926005463
0.06370076259068302437782
0.00000208519443467558574
0.00000000000000000000000
0.01478900037969443914676
0.00000000000000000000000
0.00739604033411533912101
0.00000000000000000000000
0.01477240772282295555584
0.00985728460782075988078
0.00739628194352892620600
0.00000000000000000000000
0.01001186077937454843578
0.00739604033411500605411
0.00000000000000000000000
0.00000000000000000000000
0.00739604033411489503180
0.00000000000000000000000
0.00985728460782075988078
0.00000000000000000000000
0.00000000000000000000000
0.00986467206417207531643
0.01231607251926158941302
0.00739604033411489503180
0.00739604033411500605411
0.00000000000000000000000
0.00985728460782075988078
0.00000000000000000000000
0.00739604033411500605411
0.00000000000000000000000
0.00739604033411489503180
0.00000000000000000000000
0.00739604033411500605411
0.00739604033411489503180
0.00000000000000000000000
0.00739604033411500605411
0.00000000000000000000000
