-10740.31792440269418875686824
-10326.14504039578241645358503
-11407.35662928167403151746839
-11121.32468646895904385019094
-11532.33377973276947159320116
-11688.97431924011834780685604
-10163.79998463739502767566592
-10602.03402047975760069675744
-10520.58312353624569368548691
-10673.33686719064826320391148
-11571.37310616106697125360370
-10752.90317606157805130351335
-11610.93174644815735518932343
-11479.89134022581856697797775
-11260.89540333495824597775936
-11475.25677049285695829894394
-11608.23511591550413868390024
-10625.34395767168280144687742
-11385.10327202863300044555217
-10866.70389861279909382574260
-11290.05029378146537055727094
-11486.08777681514402502216399
-10941.21634207168790453579277
-10864.50217231602800893597305
-10480.56987681390273792203516
-11615.48110587423798278905451
-10850.41023353295713604893535
-10853.00455447867352631874382
-10696.67637713376461761072278
-12066.77096883269041427411139
-10537.70328011096171394456178
-11073.44141739528640755452216
-10168.91278360339492792263627
-9217.76597758545358374249190
-11501.28564255213314027059823
-11584.95322316410238272510469
-11474.61488864089915296062827
-11133.36070638146520650479943
-10949.03586743583764473441988
-11112.70940741949380026198924
-11000.94462659522650938015431
-11412.92026751898447400890291
-11535.02476736776588950306177
-11321.69787271786117344163358
-10605.29566118152251874562353
-11618.50477440567556186579168
-11056.34999969889031490311027
-11349.39419757461109838914126
-11114.09621642965976207051426
-11403.49291326909769850317389
