-1160.84825206465507108077873
-1174.98497111314236462931149
-1174.98497111314236462931149
-1174.98497111314236462931149
-1174.98497111314259200298693
-1160.84825206465507108077873
-1174.98497111314236462931149
-1174.98497111314236462931149
-1160.84825206465507108077873
-1174.98497111314236462931149
-1174.98497111314236462931149
-1174.98497111314236462931149
-1160.84825206465507108077873
-1174.98497111314236462931149
-1174.98497111314236462931149
-1160.84825206465507108077873
-1160.84825206465507108077873
-1132.57481396768002923636232
-1174.98497111314236462931149
-1174.98497111314259200298693
-1174.98497111314236462931149
-1160.84825206465507108077873
-1174.98497111314236462931149
-1160.84825206465507108077873
-1160.84825206465507108077873
-1160.84825206465507108077873
-1174.98497111314236462931149
-1160.84825206465507108077873
-1174.98497111314236462931149
-1174.98497111314236462931149
-1174.98497111314236462931149
-1160.84825206465507108077873
-1174.98497111314259200298693
-1160.84825206465507108077873
-1174.98497111314236462931149
-1160.84825206465507108077873
-1174.98497111314259200298693
-1160.84825206465507108077873
-1160.84825206465507108077873
-1174.98497111314236462931149
-1174.98497111314236462931149
-1174.98497111314259200298693
-1174.98497111314236462931149
-1174.98497111314236462931149
-1174.98497111314236462931149
-1174.98497111314236462931149
-1174.98497111314236462931149
-1174.98497111314236462931149
-1146.71153301616755015857052
-1160.84825206465507108077873
