-3634.27623644314689954626374
-3471.63807719825126696377993
-4071.39053810989980775048025
-3921.53452130429832322988659
-3961.60814701716117269825190
-3951.43514398329580217250623
-3832.99680936885761184385046
-3824.37467575700293309637345
-4087.30753393226495973067358
-4071.39053810990026249783114
-3949.38836504859364140429534
-4189.82887272433799807913601
-3782.98484782574087148532271
-3947.11120329493223835015669
-4071.39053810989980775048025
-4166.09644812370788713451475
-3795.41368503776720899622887
-3951.43514398329580217250623
-3952.95220349546161742182449
-4071.39053810989935300312936
-4068.78657731758448790060356
-3784.23097332418183214031160
-4064.56287620704915752867237
-4071.39053810989980775048025
-4146.46810105602617113618180
-3741.20488915399528195848688
-4071.37596186400696751661599
-4057.81724544852204417111352
-3879.54791047516664548311383
-3706.34837292765814709127881
-3914.01547855411490672850050
-3951.43514398329580217250623
-4189.82887272433799807913601
-4071.39053810990026249783114
-3917.64032636033152812160552
-3582.28213545925427752081305
-3714.53110597677141413441859
-3882.77252661242073372704908
-4071.39053810990026249783114
-3728.57545131089864298701286
-4071.39053810989980775048025
-3664.47871038472385407658294
-3689.05463728510267173987813
-4189.82887272433708858443424
-4186.85909280934811249608174
-3952.95220349546207216917537
-3873.06658200598258190439083
-3948.56529475594379618996754
-4032.98546794076992227928713
-3951.43514398329580217250623
