0.99550167565104175082524
0.00000000000000000000000
0.99495905709329690580489
0.00000000000000000000000
1.98991811418659381160978
1.98991811418657960075507
1.98991811418657960075507
0.99495905709329690580489
0.00000000000000000000000
0.00000000000000000000000
0.00000000000000000000000
0.99495905709329690580489
1.98991811418659381160978
0.00000000000000000000000
0.00000000000000000000000
0.00061391674994126788079
0.00000000000000000000000
0.00000000000000000000000
0.00000000000000000000000
0.00000000000000000000000
2.98487717127986229570524
0.00000000000000000000000
0.00000000000000000000000
0.00000000000000000000000
0.99495905709329690580489
0.00000000000000000000000
0.00000000000000000000000
0.00000000000000000000000
0.00000000000000000000000
0.00000000000000000000000
0.00000000000000000000000
0.00000000000000000000000
0.00000000000000000000000
0.00000000000000000000000
0.00000000000000000000000
0.99495905709329690580489
0.00000000000000000000000
0.00000000000000000000000
0.00000000000000000000000
1.98991811418659381160978
0.99495905709329690580489
0.00000000000000000000000
0.99495905709329690580489
0.99495905709329690580489
0.00000000000000000000000
0.99495905709329690580489
0.00000000000000000000000
0.99495905709329690580489
0.00000000000000000000000
0.99495905709329690580489
